1
10
100
1000753
100099
1001657
10023
1002673
10029
1003
1003086
100372
1004
100415
1004400
1004890
100552
10057
1005852
100601
100602
100653
1006731
1006733
10073
10075
1007522
1007683
100779
100796
1008607
100867
1009
100945
10099
101
101024
101028
101060
101061
1010877
1011
1011137
1011142
10112
1011904
101225
101249
101251
10127
10128
101286
10131
10132
10134
101377
1013877
101396
1014310
101433
1014784
1014931
1015631
101565
10158
1015836
10160
1016071
1016168
10162
101657
10167
10168
10169
1017193
1017230
1017294
1017347
101778
101779
10182
101947
1020013
102012
10205
102137
102142
1021431
1021684
1021872
102209
10222
10223
1023139
102324
1023483
1023484
1023515
10236
1024175
1024395
1024711
1024722
10254
10256
10257
1026883
102714
1027298
102734
102744
102750
1027740
10279
102880
10297
1029934
103
1030356
103063
103078
1031067
1031261
10316
103160
1032
103285
103286
1032886
1033632
10341
1034302
103441
10345
1034681
1035
103520
1035398
103554
10356
10360
103616
1036196
103648
1036563
10367
1037
1037348
103789
1038
103833
1039
1039011
1039523
1039525
1039678
10399
103994
10400
1040018
10401
10402
1040679
1040862
10410
104199
104243
1042684
10427
1042728
1042729
1043662
10437
1044800
1044952
104522
10460
1046143
10462
1046233
104632
104635
10464
104646
104659
1046665
1046903
10475
1047649
10477
10478
10483
104853
1048552
10487
10491
104929
1049742
1049916
1050248
105089
10510
1051305
105176
1052109
1052114
105337
105350
10539
1054512
1055230
10555
10556
1056053
105623
105646
105649
105727
105733
105747
1057485
10582
105831
105838
10586
1058633
1058702
105880
105900
10593
10594
1059597
1059598
105962
10606
106179
1062
1062265
1062343
1062449
1062757
1063884
1064
1064541
10647
10648
1065777
1066
10660
10662
106623
106625
106656
10669
10670
10671
106728
10676
106765
106769
1067849
10680
106817
10682
1068468
10689
10690
10692
106935
106951
10696
1069630
10698
1070188
107032
10707
1070993
1071
107113
10713
1071638
1072
10722
107241
10726
10727
1072774
1072882
10730
10731
10734
1073425
1073487
10739
1073985
10742
10743
107446
10747
1074716
107535
107542
1075560
107561
107622
1076363
107669
10767
1076796
10768
107727
107734
10774
1077537
1077775
1077844
107791
10781
1078568
107864
107905
107980
108
1080195
10804
1080542
1080969
1081
10814
1081875
10822
10823
10825
10828
10841
10847
1084848
10850
108532
10859
10860
10862
1086527
10871
108719
10872
1087451
10881
10882
10884
10885
1088620
108889
1088938
108916
1089693
109
109046
109057
109058
1091050
10912
109151
1091580
10920
10922
1092208
10929
109301
10931
1093379
1093514
1093732
10938
1093919
1094091
109410
10943
109432
109434
109438
109513
109560
109561
1095818
1095823
10959
10963
10965
10966
109667
1096930
109708
1097436
10978
10980
109809
10981
10982
10983
10985
1098661
109869
10988
10989
1098962
10990
10993
11
110
110001
110014
1100549
11006
11008
1101
110116
110129
11023
11024
11025
1102607
1103
110366
110421
110463
1105441
1105573
110581
11064
11065
11066
11067
11068
1107
1107231
11074
110742
11076
11077
1108
11084
11086
1108859
1108907
1109
11090
110909
11092
110927
110930
1109702
1109836
1109976
1110069
1110447
11107
11108
11109
111090
11110
1112033
1112233
11127
1112818
111284
11134
1114487
1114558
1114559
111466
11147
11148
11149
1115
11150
1115068
11151
111511
111512
111513
111518
11152
11153
11155
1115666
1115687
1115746
111581
1115984
11160
11163
11164
111640
11165
111678
111683
111690
111698
1117
11179
1117988
1118
11181
11184
11187
111875
1118791
111910
111920
111922
111946
1119887
112
1120
1120682
11207
112080
1120883
1121
11213
11215
1121786
112219
1122543
112276
112288
1123262
1123505
112371
112378
112403
112404
112439
1124536
112476
1125
112561
11263
112692
112740
112742
11275
11278
112785
11279
11281
112831
1128522
11291
1129464
112972
112982
112987
1130611
113090
11315
11317
11318
113224
1133012
1133063
1133349
1134253
11343
1134505
1134642
1134734
1135177
113529
11355
11356
113563
11357
113585
113587
113613
1136406
11366
11367
113674
113676
1136940
1137
113732
1137823
113794
113797
113809
113861
113869
11389
11390
113919
11392
113926
113927
1139349
113968
113970
11398
1139816
114
114000
1140129
114016
114019
114021
1141632
1142720
114372
11439
114448
114463
11448
1145778
1146
114601
1146416
114674
1146850
1146860
1147057
1147121
11477
11478
1148
11480
114809
11483
1148324
1148455
1148626
114894
11492
1149341
11496
1150
115007
115033
11505
11510
11511
11514
115146
115150
1151657
1152
1152019
115208
1152083
1152416
115290
115303
115308
1153231
115440
1154466
1154734
1155473
1155724
1156024
1156127
115625
115647
115654
1156587
115680
1156913
1157126
115730
115788
1158
1158064
1158532
1159
1159358
1159675
115974
1159982
116
1160
116088
1161
11614
1161472
11616
11617
1162
116264
11627
116277
11628
1163030
116315
1163328
1163405
116367
1163789
1164
1164238
1164259
1164337
116436
1164646
1164718
116474
11649
1164931
1165
1165102
1165309
1165384
116573
11659
1166
116606
11661
11664
11665
1166642
11669
1167002
11671
1167321
1167375
116739
1167603
1167727
116774
11678
1167910
1167956
11680
116802
1168097
11684
1168704
116882
1168909
11694
1169685
1170010
1170011
11701
11703
11705
1170659
117081
117085
1171570
117164
1171667
1172108
1172147
117298
1173214
1173984
117431
1174365
117437
117451
1174794
117484
1175394
1176386
11764
117642
117669
1176891
11769
11770
117739
1177942
1178173
11782
11783
1178489
11786
1179344
11794
117958
117995
118
118020
118022
11803
118034
1180346
118043
11805
1181303
1181313
1181327
1181329
1181353
1181361
1181426
118208
11824
1182525
1182598
11826
11827
1182929
118331
118336
118357
118362
118372
1183808
1183859
1183993
118407
118489
11850
118545
118546
11855
1185542
1185721
1185769
1185787
11859
118590
1186100
118616
118617
11863
11864
1186505
11866
11867
1186840
11870
1187038
1187106
1188193
11885
1188743
11889
118900
11893
118937
119065
1190668
119143
119145
11916
1191689
119171
119172
119211
119219
119224
119232
119248
1192492
1192761
1192906
119415
119421
119426
119439
119447
119460
1194930
119499
1195489
1195621
119589
119592
1196493
1196822
1197005
1197122
1197228
1197895
119812
1199165
1199187
1199226
1199744
12
1200864
1201
1201072
1201716
12021
12022
12023
12024
120244
1202611
1202689
1202836
120306
1203378
1204
12041
1204384
1204956
1205
1205097
12052
1205382
12062
1206334
120680
120724
120725
12073
12074
12079
120791
1208
120831
120832
120833
120866
120890
120895
1209080
1209116
120931
120932
1209579
1209782
1210
1210634
1211
12110
12111
1211193
1211535
1211946
1211997
1212
1212139
12122
1212537
1212960
1213123
12132
121323
1213278
12134
1213613
1213786
12139
1214364
1214430
1214638
12147
1214783
1214835
121508
12151
121529
121533
1215525
1215689
121575
1215797
1215975
1215979
1216004
1216163
1216355
1216509
1216606
1216701
1216971
1217003
121721
1217614
121769
1217934
121800
1218171
1218184
1218266
1218330
1218648
121868
1218835
1218928
1219
1219029
1219365
1219514
121953
1219601
1220115
1220124
12207
12210
1221085
1221114
12214
122158
12217
1221716
12219
122193
1222298
122231
1222333
1222737
1222945
1222950
1222992
1223
1223059
1223158
1223171
1223438
12235
1223707
1223726
1223786
1223787
1223793
1223886
1224
1224027
122408
1224269
1224565
122468
12248
122501
122503
1225804
1225996
12260
1226076
122616
122647
12266
1226789
1227518
12282
1228278
122876
122889
1229
1229022
1229502
12296
1229671
1229915
122994
1230
1230381
12308
1230868
1230897
1231
12312
123120
12313
1232555
1232621
1232689
12327
1232769
1232853
12329
1233
1233094
1233146
1233560
1233726
1233729
1233749
1234
1234280
123456
1234603
1234713
1234992
1235292
1235615
1235733
1236
1236411
123643
12371
123725
1237405
1237474
1237603
123801
123812
123813
1238414
123846
123879
1239016
1239110
1239240
123989
1240082
1240248
1240487
12410
1241445
12422
12423
1242684
1243
124304
1243099
124312
1243270
12438
124401
1244177
1244197
124426
1244282
12446
1244677
1245
1245094
1245104
1245733
1245758
1245759
124623
124644
1246604
1246895
1246972
1247
12470
1247473
124757
1247727
1248
124828
1248340
1249
12500
125024
125025
1250465
125055
1250808
1251069
1251240
125152
1251581
12516
1251644
12517
12518
12519
1251993
12520
1252045
1252061
12521
1252376
1252871
1253008
1253161
1253199
1253353
1253355
12536
1253783
1253931
1254014
1254052
125411
1254169
1254327
1254435
1254465
1254583
1254671
1254672
1254976
1255053
1255055
1255122
1255433
1255487
1255538
1255540
125565
1255901
1255927
1255936
1255958
1256020
1256159
1256160
1256167
1256349
125660
125684
1257126
1257205
125730
125736
1257387
125739
1257899
125854
1258599
1258630
1258702
1258831
1259406
1259971
126
1260011
1260038
1260160
1260481
1260505
1260846
1261545
1261694
1262627
126348
1263930
12640
12642
12644
12645
12646
12647
126471
126502
12656
1265629
1265802
12670
12672
1267329
1267375
12677
126776
126778
126875
12688
1268896
1269
1269294
126932
126936
1270
127008
1271
12714
1271591
1272059
1272291
12726
127268
127281
1272862
1274210
127449
1274508
127471
127488
1275
1275328
127558
1276
127609
127612
12763
1276317
1276759
1276842
127708
127712
1277188
1277308
127733
1277364
1277583
12776
127762
127783
1278500
1278730
127874
127907
12791
12792
1279279
12795
1279687
12798
12799
128026
128073
1280881
1281250
1281758
1282043
1282054
1282320
128236
1282674
1283
1283124
12833
12835
12836
1283843
1283871
1283954
1284
1284159
1284514
1285
12850
12851
12852
1285469
1285916
1285954
1286097
128621
128629
1286328
1286329
128645
128719
1287268
128748
1287731
12891
12898
1289968
1290
12900
1290462
1290466
129050
129059
129077
129101
129104
1291041
1291220
1291350
1291460
1291506
129193
1292329
1292753
12930
12931
129317
12936
1293753
1293994
1294
1294320
1294982
12951
129521
129568
1295762
12962
1296667
12967
129700
1297130
129723
12974
1297500
12978
12982
1298360
129872
1299
1299160
1299232
129928
1299317
12995
1299633
13
130
13006
1300650
130081
1301092
13014
13022
13023
1302544
130260
130414
1304335
1304595
1304602
1304621
130534
130565
1306314
1306331
130640
130644
1306608
1307408
130769
1308445
1309267
1309944
131
1310760
1311803
1312450
131252
131273
1312815
131285
1313583
131405
1315036
131520
1315943
131642
131680
131723
131771
131781
131820
1318201
131835
1318650
131871
131885
1318905
131896
131955
1320424
1320544
1320545
1320598
1320609
132078
1321319
132157
1321628
1321982
132213
132245
1322953
1323109
1323318
132354
132355
13240
1324075
13241
132429
1324666
1325034
13253
1325945
1325961
1325962
1326056
1326678
13268
1327
132712
13275
1327613
1327728
1328
13296
13297
13298
132993
133
13301
13309
1330917
1330918
1330941
1331
1331023
1331163
13312
13314
1331457
1331950
1332
1332029
133212
13326
1332680
13327
1332971
1333
1333252
13333
1333330
1333812
13340
13342
1334266
1334638
1334653
1335263
13353
1335309
13354
1336
13364
1337
1337279
1337735
1338
1338074
1339
1339108
133979
134
1340020
1340385
1340889
1340978
1341
134180
13420
1342659
134423
1344344
1344361
13445
13446
134488
134531
1345419
1345495
134673
1346894
1347175
13472
13473
13474
13475
1347525
1347948
1348957
1349102
1349163
1349554
1349948
1350
1350000
13506
1350918
13516
1352
13520
1352028
13524
13525
13526
1352930
135347
1353694
1353827
1353829
1353920
135409
13548
1354895
13549
13550
1355203
135532
1355937
1356210
13565
135651
13566
1356645
13567
1356718
1356758
13568
1357230
13577
13578
13579
13581
1358460
1358803
13594
135944
1360010
13602
136151
136170
1361975
13620
1362223
136290
136347
13635
13637
13638
1364528
136495
13652
136530
136532
1366025
1367249
1367572
136761
1368012
1368268
1368507
1368579
1369
1369100
1369307
1369336
1369367
1370
13710
1371108
1371298
137132
1371398
1371456
1371656
1372369
13724
13726
1373663
1373737
137424
137427
137461
137467
1374816
1374831
1374959
137567
1375940
1376683
1376875
1377670
1377675
1377977
1378374
13784
13786
1378866
137905
1379123
137952
138
1381537
1381553
138209
13821
1383389
13848
1385644
13861
1386450
1386495
13869
138701
138716
1388479
1388593
1389339
1389576
13899
1389949
139
139044
139075
139076
1390880
1390882
1390948
1390968
139161
13918
13920
1392137
13922
13923
13924
1392937
139310
1393177
13936
139375
13939
1394332
1394375
1394423
139460
1394686
1394997
1395056
13953
139549
1395660
1397749
1397778
1397812
139820
1398499
1398992
13992
1399206
13995
14
140
1400939
14011
140114
1401531
14027
14029
140335
140407
1404497
1405006
140567
1405734
14060
14061
14062
14063
1407446
1407791
140839
140878
1408809
140914
141
14101
141034
14104
141052
1411561
1411601
14121
14123
1412798
14132
1413421
1413434
141374
141463
141495
14151
141526
1415545
141600
141610
1416868
141687
141700
141875
1418762
1419125
1419127
1419822
1419825
142108
142113
1421422
142193
142213
1422264
1422517
14226
142288
142294
1423159
1423519
1423541
1423692
142389
142476
1424828
1425019
142504
14253
14261
142636
142660
1427095
14276
1427680
14277
1427948
1428067
1428070
1428081
1428295
1428395
1428398
1428896
142956
142961
14298
143017
143036
14312
14324
143240
14326
14329
143307
1433475
1433478
143425
14343
14344
143462
1434826
143593
143596
143709
14371
143714
143735
1437573
1438264
14386
144009
14405
14406
14407
14408
14409
14414
14415
14416
1441614
1442059
1442069
144216
1442436
144250
1442583
144261
144270
1442955
1442968
1443712
1444349
1444597
1445027
14451
144586
1446092
14463
14465
144655
144780
144807
1448126
1448222
1448516
144852
1449329
1449514
1449525
1449596
14500
14501
14502
1450386
1450392
1450727
145092
14518
14520
1452045
1452046
145245
145247
14528
1452828
145289
14529
1452951
1453680
145389
14541
1454610
1454946
1454976
1455722
14562
1456341
14564
14566
1456730
1457204
1457238
1457340
1457461
1457752
145814
145836
145882
14592
14593
14596
145989
1460120
1460362
1462
1462923
146356
14643
146447
146457
1464589
14646
146464
1464650
1464946
1465190
1465349
14655
1465505
146572
1466
146601
1466233
146630
1466347
1466540
1466613
1466772
14668
146683
14669
14671
1467297
14674
146750
146796
146799
1468490
1468940
146898
1469128
1469390
1469394
14698
147
14701
14702
147023
147056
1470911
147100
147119
1471280
147176
1471850
14721
147232
1472757
147290
14730
14731
14732
147333
147336
1473425
14737
1473995
147404
1474123
147424
1474965
1475087
1475097
1475127
1475529
1475744
147590
1476994
147710
1477273
147733
1477963
14782
147884
147893
1479
1479071
1479143
14794
14797
1479774
1480027
148096
1481238
148139
14814
1481555
1481978
14821
1482505
14830
14831
14838
1483976
1484103
14847
14848
1484899
14852
1485380
1485770
148602
148615
1486488
148669
1487428
1487442
1487573
1487969
1488361
14884
14886
14888
1488961
1488985
14892
1489837
1490176
14902
1491344
1492326
1492982
1492992
149308
1493331
1493419
1493433
1494146
1494304
14947
149589
1496550
14974
1497557
1498026
14984
1498646
1498675
149894
14990
1499093
149979
150
15007
150082
1500890
15009
15011
15012
150125
15013
15020
150245
15028
15029
1503072
15033
1504186
150530
1505821
150587
150617
1506301
150638
150641
150802
150810
1508313
1508809
150899
150903
15091
15094
1509899
151
15100
15109
15110
15111
15112
1512021
1512122
15135
151363
15137
15138
15139
15140
1514082
15152
1515230
1515478
1515687
1516033
1516211
1517139
1517841
1518
1518279
15188
15189
1519481
1519526
15196
151975
15200
1520085
1520397
1520843
1520844
15211
15213
15218
1521888
1522345
1522605
1522695
1522703
1522758
152302
15234
152354
1523579
1524
1524024
15250
1525042
1525047
1525940
152666
152707
152711
1527369
15276
15277
152807
15286
15293
1529446
15298
1530733
1530921
15319
1532
1532312
1532331
153265
1533
15336
15338
1533800
1533987
15344
15345
1535059
15370
1537079
15373
1537527
15376
15385
1538684
15387
1538851
1538879
15389
1538985
1539646
1539663
1540601
15413
15416
1541647
15417
154199
1542
15423
1543094
1543364
15440
1544079
1544093
1544634
154491
15453
15455
1545647
1545693
154644
1546676
1547
1547454
154826
154839
154955
15498
154988
1549899
1549900
155007
155267
155282
15533
155393
15543
1554460
155465
155530
15555
15556
15557
15563
1556356
1556519
1556546
15566
155669
15576
1557698
155783
1558832
1560393
1560990
1562
156204
1562575
15626
1563
1563442
1564167
1564175
1564501
1564846
1565231
1565233
1565238
1565239
1565240
1565241
15655
15657
15659
15661
1566481
15666
15668
1566805
15674
1567434
1567591
156828
1568513
1568589
1569421
156962
1569934
157
157010
157085
1571598
1572062
1572354
15735
15739
1574909
1575014
1575028
1575075
1575443
15757
15758
15760
15761
15762
1576419
1578220
1578244
1578321
157847
15789
1579
15799
1580
158001
1581
15811
1582
158221
15824
15829
15831
15832
1583307
1584347
1584426
15851
15852
15853
15854
1586047
15864
1587318
1588454
15886
15887
1589321
15900
1590228
15905
1590759
1590797
1590844
1591491
1592855
1592949
159386
1594005
159431
1594612
15950
15956
159614
159657
15968
1597591
1597855
1598234
1598251
1598252
15992
159962
1599859
1600083
1600494
1601451
16021
1602420
1602964
1604540
1605735
1606394
1607561
1608537
1608606
1608621
1609347
16103
1611224
1612021
1612186
1612556
16126
1613823
1613836
1614
16145
1614501
16165
16180
1619
161909
1619125
1619301
1619436
1619830
1619852
1620
1621340
16214
16215
1622390
162246
1622669
1625558
1625752
1625827
1627281
1627812
1629175
162924
16293
16294
1630178
16309
1631417
1631759
163198
1631995
1632658
16327
1633001
1633339
1633357
1634313
16358
1636738
1636739
163695
1637039
1637068
1637079
16373
16377
1637781
16380
16384
1639
164
1640
1640347
1640837
1641
1641653
1641668
1641669
16417
16418
1642
16420
16421
1642789
16429
16431
16433
1644164
16442
1645047
1645299
1646
1647136
1647345
16475
1647636
16478
16479
16484
1649043
164945
16501
1650301
1650340
16509
1652371
1653235
1653291
1653370
1654
165425
16544
16554
16555
16560
1657729
16580
16584
165934
1660452
1660946
1661269
16620
1663101
1664325
16644
1665
1665975
1666
1666059
1668004
1668151
166897
166930
166956
1670
16702
1672280
1672869
1672872
1672907
167411
16743
1675026
16752
16757
1675905
167640
1676769
1677008
167825
16783
1678451
167862
1678709
16789
16790
1679682
1680339
168147
1681683
16818
1681922
1682418
1682444
1682694
1683266
1683343
16841
1684130
16845
16846
16850
16851
16855
168554
16857
16858
1685831
16859
16861
168610
1686299
1686321
1686362
16866
1686977
1687041
16872
1687329
168765
1688124
1688664
1689143
168925
16896
16897
169001
16901
1690239
169041
169061
1691282
169141
1691461
169173
169244
16935
16936
16940
169469
1695682
169586
1696016
1696230
1696482
1696792
16970
16971
169725
169920
1699993
17005
17016
17018
1701993
1702027
17022
1702762
1702823
17029
17039
1704
1704782
1704911
1705
17051
17052
1705786
170635
17064
1707
1707143
1707261
17079
1708576
17087
1709
17094
171075
17120
17122
17123
1713728
17141
17142
171440
171472
1715074
1715541
1716356
1716493
1716586
171733
17178
17181
17183
17187
1719214
172069
1721659
1721740
1723252
17236
1723617
17238
1723918
17242
1724253
172428
17243
17244
17245
1724690
17257
17258
17265
1727007
17271
17276
1727683
1727860
172790
1727934
17283
17285
1728578
17286
1728612
1728613
17288
1728810
17289
17290
17292
1729496
17302
17303
1730417
17305
17306
1732263
1732611
17328
1733
1733923
17341
17342
17343
17345
17346
17347
17350
17352
1736
1736257
1737082
173784
17380
1738235
1739831
17401
17402
174093
17413
1741523
17417
17419
1742876
1743
1743475
17441
17442
1744377
17447
17449
1745487
174563
1745956
17477
1747919
1748
17484
17486
17487
1749
17495
17497
1750
1752056
1752096
17521
17522
1752453
1752554
1752757
175285
1753
1753216
175331
1753911
1753914
1753962
17546
1755036
1756111
175628
175756
1757606
17580
1758078
1758117
175826
176
1760
17604
17605
1760504
17606
17608
1761093
17628
1763446
17640
17648
1765227
1766749
17679
176823
1768966
17697
1769713
1770528
1770862
1771
177114
177129
1771746
1772
177231
1772827
1773278
17741
1774679
1774681
17753
17759
1776
17764
17770
17772
17782
1780950
1781402
1781425
1781857
17825
17832
1783272
1783292
17834
17835
1783718
1783747
17838
17844
1784638
1785188
17857
1785826
178614
1786479
17867
1787399
17874
1787650
17881
17882
1789579
1789952
17917
17918
1793
1794468
1794469
1795280
1795607
1795984
1796
1796798
1797771
1798797
1798832
1799661
18
1800527
18023
1803286
1803287
1803480
1803694
18041
180486
18050
18054
1805830
1806236
1806237
18065
18066
18067
1807132
18082
1809206
180921
180924
1809250
1810
1810412
1810613
1811
1812
1813
1813260
181341
1813770
1814297
1814638
1816288
1816424
1817
1818
18181
18182
181871
18189
18191
18197
1821
18218
1822392
1822694
182272
182287
1824301
18248
18249
1825883
1826430
1826894
18269
18270
18273
1827619
1827953
1827954
18284
1828435
18286
18288
18291
18298
1830623
1830666
18307
183073
18313
18315
18316
18324
18325
1832851
1833036
18331
1834
1834067
18345
18346
18352
18354
18355
1835721
18364
1838089
1838195
1839131
18392
1841129
1842785
1844055
1844511
1844777
1845057
184581
1846019
18461
1846370
1846846
18471
18472
18473
184816
1848567
185
18514
18516
1852132
1853565
1854120
185438
185459
1855240
1857464
1858358
1858787
18588
18589
1859
1860101
1860831
1861573
18616
186341
1864052
1864242
1864441
1864579
18646
18647
18658
18666
18686
18688
18702
18706
1871257
1874990
1874998
1875562
18766
1876638
1876703
1877065
18792
18793
18794
1879667
18802
18803
1880941
1880943
1881105
1883295
1883819
1883866
1883942
18841
18847
1884820
1884900
1885215
188534
1886168
188619
1886195
18865
1887324
18875
1887533
18878
1888773
1888972
18891
18892
18897
1890247
189026
18916
18918
1892
18920
1893
1893335
18943
1894445
1894505
1894622
1894876
1895
1896
1897274
18973
18974
18975
18976
18977
18978
18979
18980
1898007
1898026
18992
18997
18998
18999
190
1900218
1900309
1900828
1901421
190185
1902
1902797
1903
19034
1905
1906162
1907
1907002
1907698
1907750
1907997
190816
1908411
190895
1909
1909076
1909077
19092
1909343
1910
1910848
19109
19119
191202
191228
1912295
1912481
1913
19131
19138
19144
19146
19148
1914924
19152
19153
19154
19159
19161
19163
19181
19183
19187
19189
1919251
191937
192
1920
1920715
19211
19216
19217
1922
1922018
19222
1922369
1922389
1922807
1923199
19242
1924835
1925
1926
19265
1926550
1926630
1927
19270
1927025
1927073
19271
19272
19274
1927496
19275
192855
19292
19293
192944
19299
193
19302
19303
1932
19328
1933
19335
1933697
1935
1936
1936932
1937
1937533
1937567
1937726
19384
19392
19393
1939366
19394
1939676
194
19404
19406
1940747
19429
1944
19440
19456
1946
1946168
1946699
1948087
1948453
19487
1948855
1948857
1948906
1949148
19498
19508
1950877
1951
1951961
195254
1953
19534
19538
1954
19540
19546
19549
1957
19576
19578
19588
1959
19594
19613
196179
1962071
1962619
1963251
1963260
1964263
1965293
19653
19655
1965939
19664
19665
1967065
1967321
1968877
1969633
1969650
1969653
1969661
1969994
1970754
1971031
1971604
1971755
1972120
1972125
1972476
1972706
1972707
1972974
19750
1976283
19767
19769
19781
1979
198
1980
1981
1981044
198149
198150
1982522
1983
19838
19850
1985077
1985311
1985801
1986576
19866
19868
1987262
19875
19884
1988801
1988958
19898
199
19901
19910
1991255
1992116
199298
199486
19957
19958
19961
19967
19968
1996905
1996906
19974
19975
19976
19996
2
20
200
20005
20007
20008
2001
2001929
20030
2003508
20047
20051
20057
2007
20070
2007758
2008807
2008840
2008873
20089
200989
2012560
2013140
2013144
2013493
20144
2015
20162
20176
20186
20188
20189
20190
202
202032
2020670
2020904
2021
20211
20212
2021489
20215
2021529
20220
2022326
2022593
2022597
20240
2025252
2025253
2025254
20258
20275
20276
20277
202845
202850
20286
2029627
20300
20301
203086
203096
203263
20330
20332
20338
2034
2034304
2034418
2034922
2035239
20362
203630
20364
2036467
2036878
20369
2037
20372
20373
20374
20379
2038
2038314
20387
2039
204
2040
20402
20403
204037
20418
20425
204392
20442
2047
204723
2047345
2048
20480
20491
20492
20493
20494
20495
204975
2049994
205
20501
2050456
2050614
20508
2051
205179
20519
205258
205307
2053219
2054196
2054213
2054220
205474
205499
205797
20580
20584
2058708
2059
205976
206
20625
2062726
2062753
20629
206399
206405
206425
206444
20645
20646
206483
20652
2065258
20658
20660
206637
20664
20666
20667
206737
206757
2068379
206919
20710
207132
2072060
2072075
2073250
20738
207401
2074082
2074587
20746
20750
20751
20752
20753
207549
207558
20759
2076
207606
20761
2076147
20766
20767
20768
2077
20771
20803
20805
2080790
208099
2081
20810
20811
20814
208143
2081736
20818
208225
208360
2084790
2084818
208519
2085448
2085450
208630
208679
2087
208782
20882
2089573
209
2090
209038
20904
209083
2091
2091760
209196
209198
2092
209200
2092377
20928
209326
2093266
2093355
2094
209578
20959
2097313
2097501
20980
20982
2098555
2098557
2098568
210050
21007
2101
210126
210172
21027
21028
21029
21041
21043
21044
21045
210454
2104564
2105447
2106
2106010
21063
210824
210829
21085
210877
21088
21089
210904
2109360
2110517
2110964
2111
21113
21125
21127
21134
211474
21151
211521
211540
211596
21163
21165
21170
2117434
21175
21177
211800
21193
2119532
211962
21197
2119719
21198
212
21200
21202
21214
21217
212208
2122962
212429
21245
212604
2126337
2127
212700
212772
21278
2127883
21282
212833
2128468
21290
21291
212934
212985
213001
2130055
21302
2131
2131402
21315
21316
21318
21319
21320
213214
2132820
2133
213343
21343
21345
21353
213581
21366
21369
2137
2138
2139
2140
2140103
2140110
21403
2141
21416
21429
21430
2144
214556
21457
21458
21459
21462
2146942
2146944
21474
21503
21505
215055
215056
21510
21521
2153279
2154
21549
2155
21561
21562
21563
2156570
2157
2157511
215843
21593
21594
21595
216227
21624
21625
21629
2164904
2164942
2165
21657
2165956
21662
2167
21675
21676
2167901
2168
21684
21687
21688
21689
216986
21702
217055
2171
21710
21711
21721
21722
21731
21736
217371
21742
21744
2175313
217587
2176
2177
2177190
2178
2178470
2179606
21817
218176
21818
21832
2185475
21858
2187124
21876
21877
21908
21909
21911
2192
2193745
2194273
21944
219506
219563
21965
219664
219666
219708
2199
219998
2200292
220038
2201
2201315
22014
220142
220232
2203
2205098
220573
2206
22063
22075
2208
22082
220916
220990
22108
22109
221098
221116
221192
22122
22125
2214888
221581
221609
221611
221773
221809
221840
22185
22188
2219
221978
221981
222121
222130
22214
222141
2222
22223
22226
22227
2223
2223752
2224
22252
2226329
2226464
2227
2228
2229
22290
22297
223
2230
2231
2232
2233
223687
2237623
2237918
2237943
22383
22384
223880
223901
223930
224180
224181
224185
224197
2242314
2243679
2243888
2244
224413
2245
224513
22461
224664
22467
224731
2249
224916
224929
225
225008
225011
2250279
225036
225039
2251146
225186
225188
2252
2253
225301
225377
22541
22553
22554
22556
2256
225603
2256342
225692
225694
225730
22588
225976
225999
2260
226001
226131
226139
2262810
226370
2263933
2264
226423
226438
2265
2267329
226833
227
227023
227071
227085
227317
22735
227430
227440
227454
227520
227562
227778
227780
227782
227792
228
2280
2280352
2280357
228079
22809
228173
2282
22821
2283
228371
228722
228866
228874
228968
228969
2290835
229396
2294
22948
2295
2296
229614
229672
22970
229736
2299
229932
230621
230659
230660
230671
230680
230703
230711
230737
230761
230777
2310
2310022
231029
2312400
231364
2314
231476
231610
23182
23185
231909
232
2320
232006
232318
232396
232525
2328518
233298
23346
233590
233761
233764
23390
233947
234040
234184
2341909
234235
23430
234352
23446
234548
23458
23459
234620
234641
234741
234933
2349355
23496
23498
234982
2349944
235131
235169
235184
23524
23532
235407
235416
235422
235609
235705
235731
235767
235788
23587
235916
236004
236021
2360620
236075
2362044
23626
23627
236275
23628
236302
236344
236357
23648
2365587
2365626
236695
23679
23680
237040
2371446
2371449
237168
2372
237237
237256
23734
237405
237455
2374742
23764
237683
237725
237737
237756
237991
238025
238108
238116
238130
238164
23821
238321
2385743
238609
2387
23880
23881
23882
239
239010
239019
2390781
239258
239271
2393
23931
2394
2394090
23944
2395
239507
239574
23958
23964
23975
239793
23987
2398803
24
240
240151
240155
240171
24045
24047
24048
2405
240566
240724
241
2412
2415
2419
24198
24203
24264
2428
24288
24291
24293
24299
24300
24318
24343
24357
2436
24362
24366
24385
2440
2441
2449
245
24501
2453
24535
2454
24549
2461
24610
24612
2462
2463
2464
24647
24657
24695
247
24714
2472212
24738
2478
248
2481
24810
24813
2482
2487703
24895
24898
2492365
24931
24937
24965
24967
24976
25001
25002
2502877
2506
25072
25078
25089
2510156
2511949
25129
25130
25136
25144
25146
25147
2516
25161
25166
25173
2518
25180
25236
2524
25245
25246
25251
25256
25282
25306
2535
2536
2538
25382
25386
25401
25409
2541
2547
2549
25503
25540
25541
25544
2555
25616
25626
25635
25653
25654
25657
25663
25702
25703
25787
25819
25834
25837
25869
258711
25872
25877
25878
25879
25911
25933
25934
25972
2598
26009
26042
26060
26066
26076
26085
26086
26087
26088
26089
26100
26107
26134
2629
262929
2630
26300
2632
2638
26457
2646
26467
26470
26472
26473
2648
26485
26510
26513
26659
266665
2669
2670
26716
26723
26728
26744
26755
26756
2677
267962
2680
2683
2684
26847
26854
26856
26857
2689
2692
26929
2695
26959
26974
26975
269947
27
27011
270182
2710
27102
27103
27104
27105
27112
27113
2712
27125
2713
271458
2717
27175
272281
27237
27238
2729
27319
27391
27422
27428
27433
27436
2744
27448
274812
2749
27492
27493
27517
2753
27530
27545
2755
27552
27563
27578
27588
27631
27632
27643
2769
277081
2771
27725
27737
27740
27752
27755
2776
27762
27763
27764
27765
27770
27772
27773
27775
27776
27778
2778
27788
27855
27860
27916
27964
27972
27992
27993
27995
280
28010
28042
28044
28066
28109
28110
28164
28248
28254
2829
2838
28395
28410
28412
28413
28477
28633
28638
28639
28640
28641
28657
28660
287
28722
28743
28745
2876
28768
2877
28778
28779
28781
28782
2879
288
2880
2882
28846
28847
28848
2885
28864
28868
2888
289
28950
2896
28971
28974
290
29020
29051
29068
29091
29220
29221
29222
29234
29259
29273
29298
29313
29369
29382
29395
29427
29459
29479
29493
29508
29512
29539
2954
29541
29545
2955
2956
2957
2958
29623
2963
29661
29710
29712
29719
2975
297502
29756
2978
29792
29802
29803
2983
29832
29838
298410
29862
29879
29915
29922
29930
3
30002
30003
30044
30082
30083
30084
3009
30112
30123
30124
30151
30155
30185
3019
30195
30211
30215
30216
302165
30226
30234
30238
30249
3026
3027
30270
30275
30278
30279
30290
30297
30315
30319
303197
3033
3035
3036
30364
3037
30430
30485
30488
30495
30501
3051
30512
30527
30537
30555
30585
3061
30613
30614
30616
3063
3064
30664
30686
30689
30695
3072
30765
30833
3084
30844
30847
3085
30861
3087
30882
309
3092
3094
3095
30956
30960
31
31005
31007
31028
31029
31031
31071
31078
31115
31137
31138
31140
31155
31164
31166
31167
31169
31171
31187
3124
3125
3126
31268
3130
3131
31310
31320
3136
31362
31363
31364
31365
3138
31383
31384
3140
3141
31439
3145
3146
3149
3150
31508
3152
31531
31535
31549
3155
31550
3163
31712
31714
31717
31837
31838
31839
3186
31876
31887
31896
31903
31925
3196
31960
3197
32
3201
3202
32029
32031
32058
3208
32128
32129
32138
32192
32203
32205
32224
32225
3223
3228
3229
32290
32300
3232
32327
3234
3237
32370
32385
32396
32427
3243
32458
32552
32597
326
32600
32646
3265
3266
32683
327
3270
3272
32747
32791
32798
32799
328
3282
3288
32887
32895
32905
32907
3291
3293
33
3300
33004
33012
33025
33040
33041
33052
33054
33059
33064
33134
33161
33162
3317
33183
33190
33192
33196
33229
33235
33259
33260
33286
33292
33296
333
33322
33336
33337
33352
33355
3336
3339
33394
33397
33399
3340
3342
33449
33450
33487
33488
33492
335
33527
3359
336
3361
3362
33644
33656
3366
33663
33676
33689
33702
33708
3380
3381
3382
3383
3388
3391
3392
33923
33937
33949
3398
34027
34046
34054
34056
34065
34070
3411
3416
3417
34180
34185
34195
342
34202
34248
34259
34264
34280
343
34395
34398
34407
34408
3442
34434
34485
34486
34489
34490
34502
34546
34574
34590
34595
34597
3460
34612
34625
3463
34651
34715
34745
34746
34748
34793
3483
34844
34845
34847
349
3490
34900
34902
3491
34915
3492
34947
3497
34973
34979
34981
34982
34983
34985
35
350
35013
35028
35029
3504
35040
35081
35090
351
35159
352
35219
35236
35241
35257
35263
35287
35323
35341
35350
3543
35434
35467
35472
35476
35515
35516
35518
35521
35548
35550
35551
35595
35597
35598
35642
35689
35690
35701
35705
35742
35780
35810
35849
35863
35864
35980
36042
36055
36169
36170
36173
36189
36190
36206
36217
36219
36221
36224
3627
3635
3636
3641
36422
36424
36433
36441
36486
36586
36588
36592
366
36628
3663
36653
36662
36669
36672
368
36801
36802
36913
37008
37014
37059
37089
3712
3713
37158
37175
37190
37203
37204
37221
37233
37251
37252
37260
37360
37366
37422
37442
3753
37600
37625
37626
37627
37632
37698
37712
3776
37763
378
3784
3785
3786
37934
37936
37939
37940
37946
37947
3796
37979
3798
3799
37995
380
38024
38025
38085
3810
38160
381663
382
3822
38225
382502
38280
3829
383
3831
38334
3836
38406
38425
38459
385
3851
38559
38560
38561
38562
38581
38586
38593
38624
38666
38670
38673
38674
38690
387
38707
38711
3872
38720
388
38809
38863
38883
3893
3894
38940
38941
3895
3896
3897
3899
39
39015
3904
3905
39058
3910
39117
39126
39127
39171
39186
39187
39188
39189
39195
3926
39388
39389
39390
39459
39516
39520
39554
39574
39644
39646
39657
39658
39659
3967
3971
3974
39741
3977
39801
3981
3982
39950
39977
3999
39995
4
400
40009
4001
4003
40036
40039
4012
4014
40168
40174
40185
40206
40266
4027
40276
40279
4029
403
4031
40325
4038
40389
404
40403
40431
40451
40462
40481
40543
40632
40644
4065
40684
4069
4070
4071
4072
4073
4078
4090
40900
4091
40938
4094
40942
40948
40954
40978
40980
41039
41043
41063
41087
41088
41089
41091
4110
41125
41127
41163
4121
41216
41217
41223
41236
41240
41243
41246
41249
41251
41256
41274
41292
41297
4135
4139
41419
41420
41421
41422
41464
41517
41549
41556
41561
41565
4160
4165
41686
41688
4169
41694
417
41729
4173
41737
4174
41743
41746
4175
41782
418
41820
41883
41901
42
4201
42133
42141
42157
42160
42174
42191
42206
42224
42249
42250
42276
42297
42307
42335
42362
42374
4238
4239
424
4251
4252
4253
42558
42604
426216
42627
4263
42641
42687
42694
42703
42705
42706
42707
42710
42711
42718
42722
4273
42738
4274
42747
42803
42824
4286
429
42961
429728
42993
42998
4301
4307
43125
43156
43202
43231
43277
43286
43299
43311
43321
43366
43432
43442
4347
43476
4353
43547
4364
43646
43773
43774
43775
43776
43814
43858
43903
4391
439253
43928
4395
43975
439765
44038
44042
440439
44049
44050
44060
44079
44098
4410
44127
4415
44150
44151
44155
441567
44172
4421
44217
44221
44234
44261
4429
4431
4432
443865
44404
44409
444211
44434
4445
44567
4457
445708
4458
4460
44646
446511
44715
44728
44735
44765
44796
448
44846
449
4491
44917
4492
4493
4494
4495
4496
44995
44998
45041
45051
4512
4513
4514
4515
4517
452
452205
4529
453
453588
45379
45391
454
45400
45415
45446
454568
45467
45588
456066
4566
4568
4570
45747
45749
4581
45827
45863
4587
4589
45947
45982
4600
4602
4604
46074
46230
46362
46364
4639
46393
46423
464993
465117
465273
4654
46593
46617
46621
46636
4664
466505
46711
467645
46772
46773
46780
46814
46866
4687
4688
46897
46899
4690
4691
46919
46920
46929
46930
46948
469759
469968
47080
47155
4724
4726
47296
47297
4730
4735
47368
47404
47456
47458
47468
47506
47520
47533
475512
4756
47562
4757
47615
476163
4762
47625
47627
47628
47632
4764
47646
47647
4765
4766
47670
47699
477
47720
47722
47735
4774
477407
47757
4776
47774
4778
47785
478
47808
47821
4783
47834
4785
478543
47858
4787
47882
47886
4790
4793
47985
48
4800
4810
481337
4818
4819
482044
48312
48370
48415
484345
484359
48530
486
48613
48711
488
4885
4886
4890
48958
48965
49
49001
49002
490022
490454
49095
49148
49195
49214
49265
49269
49271
49326
4935
49357
4937
4939
4941
49425
4958
4959
4960
4961
49623
49624
4963
496470
4965
4966
496731
4969
49706
4973
4974
49815
49818
49824
4987
49914
49915
49918
49944
49958
4996
49961
5
50
500
5004
500427
5009
501
50117
502
50217
50234
502397
5025
5026
50266
5029
503
50304
50346
50347
50398
504
5041
5046
50463
5047
5048
5049
5050
50570
50571
505710
5064
50667
50708
50767
507837
508
5081
508357
50877
50880
509344
50935
50967
510
51036
51040
51072
51120
51189
5129
51297
51298
512991
51301
5131
51329
51377
51383
5139
51391
514
5140
51414
51456
5149
515
515313
51539
51544
51547
515628
51576
51579
51580
515875
516
51663
51670
5168
51682
51684
517
5170
51750
51751
51762
51797
51798
518
51800
51856
51857
518627
519
51930
51936
51944
51962
51975
51988
51989
51990
51992
51995
520
52004
52018
5202
52023
5204
52043
52049
52087
521
52119
521564
52168
522
52291
52300
52329
52330
52365
52374
524
52404
52414
52415
52422
52442
5247
52478
52480
525
5251
5255
52583
526
52600
52601
52603
52605
52639
52646
526727
52705
527313
527393
5274
52760
52761
52762
52763
52775
52776
52779
52783
52792
528
52801
52808
52848
52849
52850
52851
52852
52865
52869
52886
529
52908
5292
52929
5293
52934
5294
52947
52956
5296
52961
52995
52997
53
530
530025
53010
53013
5304
530618
5309
53109
53117
53122
5313
5314
53184
532
5320
53252
53256
53257
53261
53280
53283
53328
533325
53397
534
53400
5341
5342
53422
53441
5346
53485
53493
53515
53516
5354
53573
53646
5365
53650
53655
5367
53688
537
53714
5374
5375
53755
5376
53761
53807
538166
53820
5384
53862
53863
53891
539
53923
53924
53926
53930
53998
5401
54014
54024
5403
54041
54044
5411
54126
5414
54153
54182
5419
54217
54228
54247
542870
54292
543132
543160
543204
54325
543261
543505
543530
543745
544002
544096
544107
54414
54415
54422
544242
544440
544442
5445
54453
54455
54466
54470
54472
544779
54479
544921
545320
545794
54586
54594
5460
54615
54634
5464
54645
54649
54676
54678
54679
5469
54691
54693
54696
54697
5470
54708
5471
54711
5472
54722
54729
5474
54789
54807
54811
54812
54815
54826
54830
54834
548474
54868
54881
54882
550165
550266
5503
55037
550522
550552
550554
55061
550662
55075
55084
550843
55085
55086
550863
550888
55089
55091
55093
55097
551020
55152
55253
55257
5526
5527
55277
5528
5529
5530
55314
553325
5538
55392
55398
55411
554120
55463
55466
55469
55470
55472
55493
5551
5552
55536
55538
55541
55546
55547
55567
55583
55584
55585
55615
556275
5563
556356
55636
55638
556435
55689
55706
55710
5572
55751
55755
5576
5577
55775
55776
55779
5578
558447
558466
5586
55861
5587
5588
55885
5589
558928
5590
55907
559195
55934
55936
559566
559567
55958
55972
559725
55983
560070
560103
5602
56024
560354
56043
56045
5605
5606
56124
56152
56159
561869
56207
562177
56262
562651
56267
562730
56322
56323
56356
56358
563643
56365
56367
563809
563832
564
5644
56446
56448
56457
564920
56539
56542
5655
565501
56551
56552
5656
5657
5658
56595
5661
56614
56654
56675
56676
56679
567269
56730
56731
56734
56757
5676
56816
56819
5682
56824
56825
56830
568304
568339
568418
56843
5685
56856
56861
568657
56871
568728
56890
569
56903
56910
569166
56923
56930
56934
5694
5695
56977
570205
570296
57057
570784
57082
57119
571346
571418
571562
57171
57192
572043
57207
57208
572086
572195
5723
57236
5724
5725
57250
57251
572541
5726
572648
5727
57278
5729
57298
5730
5732
57358
57372
573817
57389
57395
57399
57409
57412
57421
57424
57428
574378
57451
57453
57492
57514
57573
57575
57578
57581
5759
57599
57607
576084
57609
576399
576408
576474
57663
57669
57674
57675
57686
57700
57723
57738
57743
57744
57748
57755
578
57854
5788
5789
57905
5792
579281
5795
58000
58006
58016
58021
58058
58068
58093
581070
58112
58115
58123
5815
58150
581673
58184
58197
582130
58225
5823
58240
5826
583
583051
583066
5832
5833
583333
5834
583479
58356
58369
58371
58393
584042
58412
58428
58430
584415
58448
584527
584542
5847
58478
585
58502
58508
58511
585191
58530
585357
58593
585956
58596
586
586286
586291
586322
58647
58650
58662
586757
58681
58691
586953
587
587020
58707
58710
587207
58737
587438
587506
58758
587623
587675
58769
58787
58791
58792
587921
588
58803
588030
58804
588057
588158
58866
5887
58873
588758
5889
589
589054
58924
58926
589340
58950
58955
589650
5897
589736
58982
59
590
59017
59031
590740
59075
590943
591
59117
59118
591270
591271
59129
5915
591519
59153
59154
5916
59174
59175
59176
59181
59183
591834
591835
59192
591998
5921
59214
59216
59219
59230
59233
59237
59240
59241
5925
59252
59254
59258
59261
59270
592709
59283
59287
59296
593
593051
59312
59313
59315
593163
5937
59373
59401
59410
59449
59450
5950
59521
595213
59538
595426
5958
5960
5961
59620
59675
59750
59755
59784
59789
59817
59819
59841
59860
59882
59900
59919
59942
59956
5999
6
60072
60073
60074
60077
6008
60091
60093
60116
60118
60158
6020
60253
60255
60279
6035
60373
60434
60458
6046
60460
60561
6065
60650
6067
60672
6068
60698
607
6071
60715
60739
608
60851
6086
60899
60900
6091
60949
60950
60971
61011
6102
6104
6106
6108
6110
61153
61182
6121
61219
612216
61259
61263
61303
61363
61545
61555
6159
61607
6161
6162
6163
616377
6164
6165
61659
6166
61697
617
6178
6181
61829
61852
61856
61903
6193
6194
6195
61962
6197
61980
61981
61983
6199
62
6200
62000
62001
62010
62019
62048
62050
62064
62065
62066
62095
62105
6212
6213
62168
62220
62318
6232
62385
6240
62410
62417
62419
62420
62477
6250
62547
62551
62561
62562
62564
62595
62644
62649
62692
62711
62747
62752
62765
6279
6280
6281
6283
62831
62833
62842
6285
62861
62862
62863
62870
62879
62893
62932
62935
629492
6295
631719
63208
63231
63234
63279
63296
63311
63312
63358
63364
63372
63438
63474
6352
6354
63540
6355
63563
63571
63582
63584
63608
63611
6365
63706
63764
63791
638
63820
6384
6386
63864
63934
64
64056
6407
6408
6413
64154
6416
64295
64297
643
6431
64342
64344
64433
64436
64439
64470
6449
64496
6450
6461
6462
6465
64662
64674
6473
64733
6474
64805
64825
64838
64856
6486
6487
64880
64896
64897
649
64914
64930
6497
65
650
65017
65020
65164
65196
65197
65227
65236
65239
65240
65284
653
65309
65344
65353
65409
65424
65471
655
65505
65510
65524
65528
65529
6553
6554
65568
656
65605
6561
65639
6564
65640
65642
65705
65717
65728
6573
65731
6575
65760
65762
65765
6577
65797
658
65827
65829
65838
6585
6587
65871
6588
6593
65966
65971
6598
65986
65987
66
660
6613
66147
66150
66193
66221
66223
66257
66259
66297
663
6639
664
6640
66431
66442
66446
6649
66497
66579
66580
66606
66633
66717
6674
66743
6677
66791
66804
6682
6684
66896
66914
6693
6696
670
67015
67091
6714
6715
6720
6721
67221
67224
67274
6730
6736
6748
6751
6752
67599
67600
67601
67612
67685
67690
677
67704
6772
67737
6777
67773
67778
6778
67837
67838
67849
679
67913
67978
67979
68
6804
6807
681
68109
68122
6818
68276
68287
6832
6837
684
6840
6844
68472
68495
685
68527
68528
6856
6857
6858
6859
6860
6861
68610
68676
68677
68681
68704
68759
68763
68764
68769
68795
6884
68842
6886
689
68985
690
69033
69037
69040
6905
69054
69081
691
69120
69122
6913
69130
6914
69210
69225
6930
6932
6933
6939
69405
6941
6944
6949
69494
6951
6952
69574
69593
69597
69636
69637
69678
6968
6969
6970
6979
69899
69990
7
7002
70095
70119
70165
7018
70243
70254
7026
70286
7031
70312
70332
70337
7036
7037
70417
70437
70439
70459
7055
70551
7056
7058
7059
7060
70615
7062
70625
7063
70673
70674
70690
70696
707
70706
7071
7074
70767
70785
70787
70839
70851
70862
7087
7090
70902
70904
70961
70962
70984
70990
71033
71070
71158
71189
7120
7131
7132
7139
71403
71450
71507
71580
71586
7166
71675
71727
7180
71861
7187
71871
71898
71913
72055
72092
72095
72099
7210
72129
7218
722
723
72305
724
7242
72466
7248
72494
725
726
7268
72754
7276
728
72838
72873
72910
72985
7301
73016
7302
73022
73044
7320
73249
73269
7333
73357
73381
73421
73454
73457
73462
73525
73551
73610
738
73827
73925
73926
73931
73968
7399
7401
7402
74036
7404
74070
74073
74086
741
74124
74158
74193
7420
74242
7427
74276
74302
7431
74337
74365
74369
74375
74409
74442
7445
7447
74537
74539
74542
74568
74577
74607
74615
7467
74687
74699
7470
74709
7471
74748
7486
7489
74929
74932
74940
74947
74949
7497
7499
7502
75041
7505
75066
75070
7517
75170
7520
7523
75318
75330
75341
7541
75633
75655
7570
7571
75821
76038
76070
76126
76164
76181
7621
7623
76239
7624
76242
76244
7632
7633
7634
7639
76390
76416
765
76511
76512
76536
76543
76555
76557
76594
7664
7665
76667
7672
7673
7675
7676
76791
76792
76821
7683
7685
76877
76917
76996
76999
77
770
77013
77028
7706
77075
77088
77120
77122
77133
77156
77164
77188
77225
77234
77256
77304
77330
77335
77351
77462
77517
776
77622
77624
77667
777
77700
77795
77803
77831
77870
779
77921
77948
77950
7796
78029
78030
78041
78050
78057
78080
781
78110
78139
78147
78160
78197
78198
782
7823
78253
783
78303
78309
78320
78324
78333
78341
78373
78423
78430
78452
78494
785
7853
78530
78533
78572
78589
7868
78681
78685
78691
78729
78749
78798
78804
78805
7884
78849
78869
78871
78875
78879
78882
78899
78921
78994
79025
7904
7906
7907
79072
7908
79082
79087
79127
79189
79245
79246
79247
79331
79343
79351
79357
79497
79505
79633
79692
79740
79757
79793
79795
79885
79966
7998
80018
80019
80036
80108
80109
80112
80116
80135
80137
80253
80255
80257
80352
80365
80415
80457
80469
80579
80591
80595
80597
80602
80625
80757
80760
80987
80994
80997
80998
81000
81054
81097
81098
81106
81133
81168
81179
81182
81197
81200
81203
81235
81244
81283
81295
81364
81373
81388
81390
81391
81418
814434
81462
81481
8162
81663
81668
8167
81681
81682
81685
8169
8170
81703
8171
8177
8183
81839
81843
81859
819
81916
81970
8198
81987
820
82055
82093
82096
821
82104
8211
82129
82171
82183
82191
822
82220
8229
82306
8231
8237
82388
824
8240
82405
82406
8241
8246
825
82513
8252
82529
8254
8255
8256
8258
8259
82594
8260
82606
82613
8263
82631
8265
82663
82666
82676
82700
82702
82725
82732
82753
82785
82791
82809
82819
82857
82885
8291
8293
829372
8294
82943
83002
83023
83122
83145
8318
83186
83218
83220
83237
83259
83285
83287
8329
83313
8332
8335
83352
83356
83423
83437
83453
83458
83476
83487
83488
83489
8349
83526
83585
83586
83634
83635
83637
83689
83701
83721
83806
83810
83854
83862
83872
83873
83898
8395
8396
8397
83975
83987
8400
84028
84035
84044
84076
84164
84205
84206
84213
84214
84215
84223
84224
84247
84261
84299
8434
8435
8436
8437
84425
8443
84432
84440
8447
84482
84495
8452
84576
84613
8462
84620
84625
84698
84709
84751
84754
84755
84815
84854
8487
84878
84933
84996
85
85008
85034
85065
85069
85138
85143
85144
85148
85151
85152
85154
8516
85174
85176
85178
851784
8520
8521
8534
8535
8536
854
8544
85521
85756
85759
85778
85825
8591
85977
86006
8602
86034
8606
8607
8608
8609
861
86132
86151
862
86232
8629
8630
8631
86310
86314
8632
86325
8635
86384
86468
865
8654
86543
8655
8656
8659
86653
86654
86664
86706
86748
86753
8687
86889
86905
8691
86949
8695
86957
8699
86998
87003
87017
87079
87108
87118
87120
87194
87224
8724
87243
8725
8727
87280
87281
87316
87317
87341
87440
87444
87472
87553
87579
87637
8768
87697
87722
87733
87741
87742
8775
87773
8778
8783
8784
8785
8786
87875
87879
87895
879
87919
87932
87934
87942
87957
88029
88072
88081
88123
88124
882
8828
883
88351
88392
8843
8844
88462
88495
8851
8854
8857
8858
886
88619
88675
887
88702
8872
8873
8874
88902
8891
8892
8893
8894
88949
88967
88978
88995
89043
89144
8924
8925
892734
8930
894116
8944
8945
89551
89563
89581
89609
89670
89689
8975
8977
8979
89819
89822
89827
8984
8985
8986
89885
89888
89903
89968
89982
89989
90046
90060
90074
9013
90130
90133
90135
9015
9029
9030
9032
9033
90367
9045
90451
9046
9048
90496
90498
90520
90572
90582
90609
90610
90633
90720
9073
90755
9084
9091
91035
9112
912632
91351
9137
9138
9139
9140
91402
9145
91493
91494
91495
91508
91519
91520
91600
91606
9168
91724
91725
9181
9186
9188
9191
9195
920
9205
9206
9207
9208
921
92198
9221
92255
923
92404
92416
92426
92429
925
92509
9257
92572
92612
92619
92728
92729
9273
92730
9274
9276
9278
9280
9281
9283
928572
92858
928581
9289
9290
9296
929937
930309
930633
930707
9309
931264
9313
9315
931785
931850
932
932076
932091
93210
932116
93214
93224
93228
932353
932616
93285
932967
933
933271
933330
93377
9339
934
9340
93407
93408
934173
93419
934243
93426
934289
934801
93491
935
935201
93536
93564
935720
936
936275
936404
93647
93650
93663
93664
936716
936970
937
937009
937317
937348
937913
938
93801
93803
938258
938983
939388
93944
93990
93999
94018
940339
940459
94064
94076
94089
94098
94110
94185
942036
942471
94293
94330
94343
944099
94423
94432
94433
945846
9464
946696
946971
947
94702
947296
947514
94764
94765
94791
94797
94814
94864
94893
94927
94929
94958
94976
94978
95014
95019
95021
95024
95038
95047
95058
950877
95099
95101
95102
95136
95259
95263
95293
95345
954
95476
955
95517
95563
95564
95598
956
9562
95635
95638
956385
956764
95686
95706
957076
95722
95729
95733
9575
957523
9576
95789
95875
9594
9596
95972
9599
9601
9603
96064
96066
9607
96177
96228
962303
9625
96250
96257
9626
9629
96300
96309
9631
96313
9632
96349
9640
9642
964971
965023
96509
9656
9657
96591
96614
96624
96625
96657
966683
967781
968006
968089
96828
968350
968367
968660
968742
96889
969140
969561
97024
97032
9705
9706
9707
970753
971299
971329
971388
9714
97165
971726
972883
973
973651
973667
97367
974
974031
974169
975
975186
97576
976
97600
97604
97619
97621
9768
97698
97720
97755
9777
9778
9779
9780
9781
9788
97880
9789
97906
97929
979412
97943
98
98087
98103
9824
9825
9827
9828
98285
98306
983710
983929
98398
984
9840
984055
9842
98420
984598
984629
984724
98522
9855
9856
9865
986808
9871
9872
987348
9874
987572
9880
98971
989750
990136
990300
990393
99067
9907
9908
99097
9915
99183
9919
9920
99206
9921
992808
992869
99311
99347
99351
99358
994
99461
99511
99535
99536
996701
99689
9976
9979
9980
998225
998387
99839
99846
99854
9994
9995
9996
999622
999790
999817
