9501
1910848
2511949
2349355
1245
4494
85
73968
500
287
2200292
31
12835
71070
6384
2472212
206
556435
3223
18918
173463
3141
10990
976
3896
234352
2888
1
1813
92572
28782
54882
1903
6193
2524
1318905
138
1781425
2092377
6885933238
9827
2187124
14386
74568
62
543261
6161
1042728
109513
1468490
48
13240
1274508
122158
192
18897
1283843
18050
176471100
4690
3967
35742
2098557
1312450
2231
1195621
488
947514
2025252
1892
59192
8784
1075560
71580
87722
8984
72466
1682819492
1520085
2283
1204
17276
2093355
56734
18973
3894
8691
115150
5292
1136406
9657
1003
19034
1549900
2440
1972707
186796949971
30614
140114
4517
116
54182
1949148
2037
54693
4495
524
3
3027
78452
17628
34485
1780950
19292
31717
7799616483
109432
3136
84223
72129
11150
1532
7447
1340020
190
118331
17605
7055
1428070
5293
204
55934
11701
10882
2391537917
973667
1951
224513
84214
1095818
6968
1457238
1223786
38559
20212
1362223
4587
17288
131
59620
27972
62064
1946699
8802046538
4
1372369
544442
501
2237623
2983
1527369
1991255
55755
9281
1427680
55085
33052
17832
1442069
1258599
112
5046
1043119537
1333
534
4173
2461
58058
936275
113968
6068
53714
1737082
53862
25703
10980
60073
935
70851
1397778
5081
1617702566331
60949
1374959
16935
1168704
1283
589
18999
219708
11317
8211
56365
2398803
144852
1457340
1333252
21125
556356
2387
629101955840
73457
16851
1327
1037
19961
4959
7026
937348
53
15735
1320545
4038
103
2638
199
28781
33397
302165
11104056681
2157
1277188
5472
4566
2684
2956
76070
7624
1522703
517
380
110014
17286
10959
4491
52404
20402
5530
1063884
227454
37014
1158
11181
4174
57755
91606
145289
1254435
1954
54415
1315036
37089
59860
568657
34202
55751
8602
13792773292
15277
65871
60739
530
20374
1627812
52851
6714
19957
78110
205
106817
3085
2462
221981
49001
15111
1229
17571676574
10297
112371
21320
45982
1151657
122503
2227
1475087
10859
1817
90633
107905
18269
4169
19498
1705786
228
990393
146172855
11065
12644
1369
49818
9339
2975
2963
21657
1544093
8167
1202689
3051
8447
45415
4885
33235
1222992
64856
379419536
65731
2478
2328518
2882
3636
13241
198
129104
10912
1129464
1636739
20189
1336
17303
67221
1767076
1708547
1491344
443017485
7505
2117718
43858
120832
34847
57578
17346
11006
6886
1356758
58021
11477
1357230
2178
82809
77667
1848567
2296
521392048372
11084
1492326
1038
1457461
83002
39459
8256
1909077
738
59817
1979
22226
819
572043
56824
6856
140
350
5875423659
502
127281
8945
17178
17838
125025
107734
8891
78324
17521
1894505
92404
21045
1784638
9273
57723
400
110
117322366441
62065
57700
1230
10478
448
4783
59175
505710
18082
1428067
1925
1460120
32
33322
3293
1893
64439
58502
636884952
1109836
2176
882
5009
8293
2
44079
4724
51992
31838
17604
12052
18288
1161472
11705
194
94423
3146
836311019
1246972
6474
1183808
5049
40266
40462
352
56446
469759
65827
16442
6232
71189
1289968
27763
39658
4493
4273
153608510017
1640
24045
139
9871
8873
26723
142476
19487
1728810
2405
58006
4460
477
1260846
19664
968089
2065258
70904
7045656881
10182
9340
1023139
53252
779
981605
1062
18891
1533800
1469128
944099
62220
4756
114
18182
1299232
135532
68470
5281220448
208782
3063
78197
525
1488985
1234
8396
2192
228969
29273
211540
2251146
1729378
1727007
6684
123725
40279
41091
267241372
7132
25837
2600119
78080
5606
92730
77335
1565240
424
14888
23587
137905
15110
56890
81375
16478
57395
133
1728722123
190895
5313
19211
973
1509899
25144
3197
83701
10696
33292
15033
29222
21044
123846
1639
529
3910
62561
77421371
46423
83586
50683
14698
30084
9642
1291460
1341
2226464
49
934
13445
122616
56731
17141
31029
23346
13638
106952036
116882
39015
25072
1271
69210
825
1032
29091
146601
550165
1328
8169
11826
1213278
6194
11107
1920
77700
448311662
52997
20186
142660
15007
5576
1922
1633339
2282
70254
79793
1460362
587020
101028
25834
1475744
13472
1097436
12132
182771541266
88029
1972706
559195
50
11108
117642
34056
2075
1728578
934243
20240
51990
51544
205307
30430
10922
118545
68610
192318750
9994
578
193
3092
118
56730
1088620
1584426
1345419
2506
9048
65239
1223726
1786479
1445869
16940
15758
1254465
112885344
40325
35551
351
1752453
8536
2084790
1080542
12073
550552
52848
16866
1438264
66218
851784
15336
62551
3196
51547
263610777
1423541
6553
221192
47699
2007758
543530
50347
107241
532
1907997
2393
7517
17052
1702823
39126
17289
1728613
51800
1706716927
7499
1236
51329
1926
44715
1859
240
3627
235731
6413
51988
1024722
109
47882
1636738
9030
55776
58225
147052396
2165
17606
85174
81388
21127
25663
2232
38673
1182929
1331457
37203
4581
76996
57451
10205
1428896
512991
3234
191431259367
588
23532
18997
14814
1768966
2487703
1190668
4515
204975
1109976
1948087
78029
55277
2264
64
219998
1545693
32205
10295931254211
30686
229932
34486
1590797
79127
7470
22290
66442
56152
51297
26847
11664
1295762
2372
50463
5469
18331
11160
638376110
47296
89822
1320544
68276
10556
37158
2371449
1686321
18980
4800
18248
2441
5588
21876
12519
2385743
142636
18589
13188546278
514
67773
45827
1331
585
227
2717
87697
1579
62410
69494
1748
221611
67524
932091
12139
404
1397749
341993711
6416
1506301
11355
508
4589
520
110421
172069
10730
1301092
879
5916
3810
1253353
221581
19394
175826
21369
3534938664
689
1146860
31960
63312
12074
17495
17419
14406
1269
89888
6352
5309
1963260
116277
87172
96066
33229
21702
14514321356
225186
54479
21911
1201716
9824
7431
27578
550843
12670
82666
643
29369
18878
133979
2230
886
41256
2713
912691947579
1894876
1682694
1237405
82700
22809
55470
2395
55638
3829
2039
114019
1600543
925
212833
335
1368507
1590844
34195
15737207
6450
1287268
222121
78871
1098962
31171
211596
91351
63311
42707
11782
4072
125854
73421
3950
10692
1100549
1442583
2179863681
288
55463
8255
1160
114372
5551
13446
1197122
9778
35350
102137
56675
1425019
4135
3131
84482
1254052
561869
143583852507
119248
237683
213001
78875
2229
6720
18054
13298
140407
89819
6473
1812
267962
225188
58707
782
51975
1405734
876758224
19272
12982
209578
1575028
7333
1162
1466613
1286328
75041
16841
418
3061
1653235
1148626
1254583
5376
87919
1691461
365948338
2233
1464589
81364
21197
1330941
82191
17236
55086
3822
67690
1046143
1392137
6108
63544
15417
2201
1310760
57599
116446826
16859
1598251
3895
516
1260868
1248374
4764
1896
19293
141610
52018
62765
2228
129700
218176
67737
2133
5149
56117229031
75070
22970
1957
6944
7018
2778
129521
57607
108916
76512
5401
142389
6065
4090
4029
61983
10410
854
1802284457
4238
18686
57192
21675
6240
53863
486
97576
91520
5527
1565238
5503
32895
21625
51036
88995
14830
46948
132421281
16560
1969661
212700
36422
13922
1052109
87934
1732611
7218
22125
8259
25540
1637781
4886
25702
4395
131273
80116
16803471549898
1231
1337
18473
164945
11064
80757
66896
59216
15455
17208
1436114
1272862
100415
31550
208225
18355
2085450
556858
53828134657
55546
13548
1619852
39995
30695
8687
16644
2047
1339832
15370
18315
1369100
58924
1356210
16429
7062
3124
1181313
694891421393
227792
12995
117085
42160
30613
18892
85065
11850
83526
18658
73269
9656
200
1034681
11149
26087
1640347
32202
130211752
10768
824
31187
59315
13014
11628
59252
11617
81663
21278
1379123
15556
7399
1448516
169586
235407
33012
1115068
235125221018
935201
29068
1163667
439253
586
5602
2538
19838
2090
527393
11163
2224
67599
49148
42641
12795
77304
1774679
78837131519
33192
10739
20750
1972476
107727
7467
36592
1318650
1442955
3497
41419
10884
12111
5470
222141
5251
55536
1727934
161716972
650
19119
87637
51579
37947
3037
43476
1164
1449329
109057
1708576
1223171
67778
64496
11661
1462923
42374
1084848
16461484497
209038
4961
4664
10871
35
34845
215055
86232
66743
1443712
1332971
1252871
56457
15576
231610
3361
1692795
139044
12733098262
68109
76164
10477
3416
658
1115
1481238
1834
10774
3087
608
77164
8329
53807
1498646
28974
21315
5552
47841241
15112
6807
31364
98522
1557698
32327
206399
1967065
5661
1771
29313
11855
119592
4757
37632
227430
86034
17917
21301303037
9626
58150
41240
41087
1609347
80018
1453397
1216004
26974
776
1810
88967
23880
34982
26076
23498
11866
240171
511003052
81287
18
1253199
999817
84224
147733
6949
6941
388
8632
15789
14405
2051
6575
13022
2106
545320
101936
2716316269
54422
20403
1680339
74070
2838
34070
1029934
1860101
1404497
1844777
47625
36486
9206
349
938
7904
679
7
23685174688
32203
5170
64436
1389949
207549
128073
58115
18979
11281
1485770
446511
52414
205258
20767
10222
38666
54292
8783
18291501035905
51072
17401
937
94343
20751
18461
2630
13312
104659
21629
18191
1016168
33286
41555
1607561
18847
7180
146447
210991461
18313
16555
1581
54470
1331023
1183859
1533
1181361
14668
9599
1492982
1418762
6593
27125
5723
18976
527313
1276
117026012
955
232
54586
15831
2155
1466
40389
5655
21595
11215
2877
238025
44735
12656
2957
93285
10860
1578321
199234808
95101
1598234
125660
17882
1153813
28109
1370
27762
5725
1251069
62747
1592855
20089
2048
72873
90135
78030
37946
17743220620
10427
129928
556275
15152
54649
112439
4110
3035
1173984
2242314
53485
43903
3905
2453
1646
77028
968006
21858
983160898
1428398
132157
41292
20493
46814
78198
55775
72305
26472
56045
10399
1212
6585
37936
20373
1636119
1760504
74932
1501012950
52852
20738
59153
14277
86468
1205
91600
14984
13525
7351
5374
723
1011142
544461
43259
1047649
34054
2632
1909319797
1832851
17051
1248
1394332
15028
38863
15440
11510
1987262
3229
1422264
5004
51679
44995
12041
9976
8177
2263933
18941246
1292329
228874
6465
12967
4165
971329
585357
1443420
26473
18702
61303
6162
45379
1204384
1080195
931785
56819
21200
4031152271
198150
77948
31310
12147
180486
117431
9562
211962
10168
58369
3291
1201163
221609
57171
1845057
1278500
94185
1988958
191649803
97621
10993
7520
56322
12122
656
1834067
62547
10847
591834
568418
141526
1286329
11669
56903
17486
4391
7071
7461855673
70437
142113
1352930
11398
1201
110927
16971
3491
9781
12930
140914
237405
150587
19781
38940
1589479
21007
2310
120610430
21908
3266
1939366
1037546
31535
2208
1783272
56267
4432
2880
59183
55567
90582
61697
30364
21593
504
1163030
348911825
113676
98285
65986
65966
21316
33
326
8534
221098
15345
24203
85138
1541647
1120883
21089
1772
74687
9137
658423127
49623
572195
141
1078568
2954
1844511
1039011
6159
5658
515
7090
1117
115788
41556
46930
1154734
1133349
15344
2046793128
17782
1672907
30488
20746
76511
51798
35323
1229022
587
23882
1120
24198
148615
25245
10698
6281
707
1136940
21215410839
3392
154839
13936
4958
61962
69597
64154
1721740
518
23458
44434
2110517
11207
9576
1281758
221773
417
1664325
3509196421
30315
17881
16294
122889
68764
41251
112476
11263
14892
1221716
2712
1044952
56358
1571598
1067849
1732753
8944
14593
7843482662
81685
18866
1883366
1393177
126
19898
15009
1224269
2072060
1051305
14011
1137
96349
1907998
148073
123989
1353827
25246
271511075003
71913
12214
8300
6407
40543
34502
368
9777
29545
6736
894116
88392
33259
11863
17497
1498026
112561
1753962
8121713633
15416
9632
1245094
240724
6106
58952
21561
59233
1001657
93210
53184
14061
3192
521
13
16433
79505
8435
41772112856
114463
84432
18706
510
35980
1668151
1594612
7671
3340
382
1373737
8786
16790
1353829
100
28044
1246183
66431
1030995106490
2492365
192944
63764
1258702
41549
10881
5294
115625
77122
21353
7633
15012
42250
12900
154955
150899
53650
11356
14428885779
54881
30689
10112
43814
127008
40481
5048
343
9195
9188
1744377
132354
29930
1336716
12898
2312400
69122
1612021
153482505
119426
225011
24047
19429
16501
586953
62861
90498
17039
3492
126502
70647
32747
84035
27740
4012
13918
66579
827151183
1908
1255540
76463
1216606
18324
11614
27764
82630
2062753
1733313
221116
127558
5140
56551
14776
1234713
1216971
37712
16193211856
13364
1350000
3799
66446
5587
19392
4966
20519
947
83489
454
1598252
216986
39388
3776
569
26485
10825
23318791831272
52792
10132
1575014
221840
23182
33041
55615
159962
221978
74929
35701
5572
59241
5657
41421
34248
1602420
69899
497354455
25282
2710
467645
1572062
10341
99351
14592
10660
14104
92426
565501
27855
19767
6751
84044
4429
1750
20300
11364778
16475
12023
1353920
44728
35040
28640
34434
27964
11864
121529
15140
10647
18354
65717
13920
10988
72546
30123
157749052398
58112
85825
35029
15423
1883866
141687
123456
48530
1118732
515875
43366
17449
49265
55885
90609
72910
66717
51989
168672505
151975
342
24264
8655
23764
118043
60650
36662
36586
28412
83287
73044
1826894
24318
89982
7056
42694
5958
39723911
3201
1743
1718863
45400
25654
8258
6730
60077
51120
10131
1244282
1219
6365
117081
82753
99846
5139
6408
396893004
27428
4489
1326678
995198
57514
3289
17835
2206
85143
57674
928581
39390
2299
2128468
1255901
8656
63582
88124
587114443
77156
4027
15762
72838
79497
60373
82220
1334653
32138
12852
1753216
56930
14947
10804
7248
1159982
100552
2876
554221473879
36672
4890
55253
1637039
105337
76999
61363
1466347
66221
14408
5320
84698
35595
52374
821
230680
41379
2219
58251220049
10713
64825
81970
54697
73610
1894445
20666
11025
2185475
65196
27493
1408809
1247
65309
1590759
553325
105832
51857
3289756128
14343
5726
61903
131771
52480
11367
104929
1619
87879
21303
2280357
1574909
77622
17244
1164718
34398
70962
18978
9479223504
4935
115654
1243
1567591
66297
1923199
150617
25934
13581
1932
1164238
1153231
1597855
1164337
76390
1907
28010
4139
26283041
1701963
56816
102750
3982
1681683
70243
147232
2025253
1133012
9603
144216
104926
564
51040
8607
24362
46897
1064
1954622120923
81097
387
32458
6979
83458
4364
84215
1470911
1308445
88702
271927
65524
9112
6837
71586
1108907
33162
16855
202044154
78729
59270
81682
80987
3130
60458
1038001
14344
7404
90572
1730417
56542
1517841
70990
6178
2958
1567434
15887
7679360966
9980
1716493
4785
2209706
1158064
81391
9855
9315
5529
1684130
129483
16818
1549899
1688124
94814
544002
28254
15135
19830318853
80109
16484
57298
32552
232144
157085
2398805
1254671
1004
9278
1902
206757
59283
22109
14528
13566
9825
1192761
1164111189111
2487632
81859
56356
53755
35341
21429
20810
22223
14253
1631759
94864
82785
57609
1520843
54594
2072710
106951
18471
315168557
2059
82663
93408
15091
2535
231364
60900
10127
31140
439765
120890
83237
5274
1049916
55936
49918
9313
56861
16357921039305
1846370
1588454
17679
13924
25869
22252
11492
54696
15886
655
2076147
57675
33663
1312815
105153
100099
2068379
586286
6352240180
29512
198149
20286
1910028
2365626
212429
55398
1042684
2092
31383
1753914
15739
18249
3490
147
206444
34983
59
108086226054
481337
17697
51298
83585
34746
8872
1182525
20646
24
1181329
234982
68676
21088
100234
42276
1844
9046
5026
400015217
6952
5471
2394090
95058
11671
5950
4787
1211
92619
1268896
32396
17487
82791
78749
134
11148
1031249
74375
3293418917
5832
53655
2062726
1981044
18992
70787
10742
56339
23931
14041
465117
81703
51962
968367
28657
82594
47628
5676
8744137153
11885
1234603
999790
126875
75318
15761
141374
1415545
64662
59287
7002
6858
9707
82631
69855
21462
112464
56855
98014991
1486488
119439
945846
1181327
8335
59258
258711
82943
572031
15668
62862
59254
6008
563643
1285
148497
1256370
73381
5744910697
1259971
4654
502397
115146
5921
15757
30155
1522700
1027740
1665
1493419
122231
65510
9015
103554
35705
51383
17857
11998229302
1018864
20959
7489
128645
112080
56679
41420
21731
18616
5526
1604540
4937
114601
1745487
1948906
95706
53122
15851
1240884155
33336
518627
43202
18974
12446
5685
2012560
1696482
1159358
1235615
14027
17343
224731
940459
37260
17347
1255433
224518
2267519728
2978
1651018
1054512
11155
53261
34612
1223059
1733923
134531
1539646
1452046
224413
74537
73127
2203
1640837
127708
80036
312972440
33527
9640
236004
33708
20215
20811
862
5823
7908
1532312
1785188
934173
124643
1163405
61555
59312
8977
39520
1569001158833
46593
37600
14278
15555
3380
1313583
968742
11066
1689143
1704911
169469
35081
13526
1224549
990136
210829
52776
53397
118856714837
1803480
1611607
238609
68518
10648
6279
1681922
29479
2050614
581673
108719
4730
1765227
892734
25503
25819
1187106
14
6607964866
12791
6486
4960
176823
142961
19270
3382
1948855
12517
40276
14409
1071
167640
49877
65829
1118
1243099
60116
5907018052
1247727
46780
11390
30833
25657
1163328
40009
1342864
73855
496470
17342
17243
16421
298410
233590
1255318
67015
49624
547634373
75821
20491
25616
20276
5064
53573
3872
1642789
1508809
60279
8699
1469394
68769
12799
61980
14701
1071638
89467
1371041141876
24898
8265
3138
152302
1874998
29541
9464
1650712
51576
17764
234620
52442
44038
1330795
10850
10841
20193
62001
42844090033
15188
984629
13309
7623
13992
2015
87942
41063
32058
97619
43277
49195
17484
6104
1546028
1513376
1393423
129481
1890710361
484345
1709
23680
1407791
203096
50234
38711
15824
3317
989750
970753
79351
475512
34915
2295
43646
41163
4736
13022730273
449
16583
12850
145245
94064
9594
8695
7036
1799661
1375940
1128522
121769
52761
38334
24931
24300
7998
1007522
113702053099
95638
87553
722
1394686
38883
20580
6639
9145
7906
191202
145247
58184
51856
28164
59017
79245
25972
1182598
7428935710
35287
11024
1456341
1325034
24291
1204956
8785
8231
7541
1835721
591270
17759
5826
503
12646
2105445
1386450
87317
103424093
725
928572
21721
5501
29021
10256
21245
1637068
1109702
548474
1985311
72754
24738
5346
940339
44409
6165
245
113782489599
2046345
1653370
1304602
93214
37366
1736
11478
41127
29221
8229
10669
24357
8930
1687041
1568513
31531
27103
23626
9323511097941
55084
35667
1209286
25236
51391
20753
9705
1135177
23430
3026
381663
15659
1101
6046
1564167
178614
3897
1172108
5577788212
5586
1543364
65605
52850
1959
69764
1007683
61852
2711
28633
1096930
1650301
28239
1468521
118494
21411
19958
1233749
11535698289
95564
35241
3831
1453680
96448
21214
33676
16479
86664
1827953
40039
52583
17918
122408
46772
44042
1114558
128629
892512714
14261
7166
9205
5231
33337
23628
4735
54830
971388
41686
65760
19302
10437
2482
2058708
16830
537
29792
98572053
87173
226139
38670
23227
18472
34408
204723
87281
18364
7706
55392
101060
9309
80591
12021
97929
1222333
237455
1180134515510
1017347
1324666
8170
1120682
27105
290
52291
25541
20759
1103
74954
2695
1134253
1092208
60715
211521
1838089
205474
146101532511
1982522
149894
74539
2244
8162
1240248
57412
3036
1649043
1181303
21457
220038
73357
49425
18023
75633
14063
1196822
5486582534
1434826
153265
77795
27752
70839
8171
1257126
6905
4492
1166642
1286
1342659
209200
118020
52605
583
1181426
88081
8304616108
31876
22554
12518
127268
21459
72494
72099
1445027
1980
1274210
21416
6487
23447
15905
1441614
29802
12928
22082
2377404521
1457752
33054
1252376
56676
16180
2222
26089
1079850
10690
67274
736
2150978
236211
52869
19163
35219
726
26009
9608132586
21027
8241
60255
1466540
1221085
3417
1636072
113869
1532331
143735
14060
19303
74699
5724
1724253
144586
96228
1233
42571109868
39554
21345
10978
1094091
1006731
226001
32798
6295
1985077
1647345
1800527
203630
207132
63563
1260011
56825
47735
1321628
1267131065
65
89968
24967
22383
19092
10734
1355937
1262627
5202
17328
62105
219664
143593
37625
515628
10814
54812
6102
1408851114906
549505
69037
58596
36669
130260
29259
16580
1059597
1190907
89670
1255055
1218266
1946168
1088938
78373
46636
1291506
135651
17561132639
440439
12312
1098672
1024395
1590228
94021
82613
1224
4529
1230868
77950
10822
2314
1437296
1229915
208099
10439
9856
31342878
202850
1230381
134180
31508
193978
22075
12640
134673
77256
58691
24358
65568
26929
1795984
1115666
12260
1206334
17580
17140246
1613823
1354895
1611671
38025
228135
36169
159386
23735
2641
11110
102027
2306319
1641669
62010
8240
2371446
62831
9779
100405387255
4688
77
592925
10862
8985
1968877
68842
59919
1286097
96624
20051
118616
86654
49915
1070749
36042
239019
52763
133247920365
1282043
55469
17018
90755
26085
25161
1880941
1394997
25002
40451
1109
230737
61981
81235
66497
2749
57910
996701
71673623
972883
55636
1981
1496550
1285469
1253161
27775
2003508
36653
29234
1146
2510156
30290
4073
2098555
11068
9280
171075
12171850095
3094
1587318
1376582
15250
6598
157847
17447
238116
78309
1174365
146630
95972
61259
41729
26134
113861
27112
44060
10043978431
13426
11318
6035
77870
41737
2156570
1459772
1220124
272281
103078
1185787
110742
1795280
130414
114016
106623
51797
238164
6939941071
1838195
1330918
239258
109561
10236
1121
38425
61244
1152
225730
954
78430
10464
3140
86889
82857
68287
6933
278118540
16757
1898007
20387
16896
155282
109809
23987
2020904
9789
1226076
5727
971299
1575075
51995
11641
4762
3836
1858787
93357879510
61856
9274
93663
18181
83487
5414
141052
66587
16970
1733
11803
158221
95019
64896
50346
2769
36424
1466233
6117847953
10128
2680
1281719
93407
37995
10727
1544634
3664
213581
65987
20211
1255958
1223707
13023
5925
1753911
1097807
209326
863561253391
77133
14646
1338
1699993
1672869
70067
1148455
84996
41688
52783
1518
2165956
1504186
10402
233764
53493
1591491
86905
1423493432040
94927
11703
141600
99067
39189
5730
58803
29298
28477
1732263
5960
3208
78423
30215
5736
939388
85977
53891
5247620376
865
1304662
128628
25316
20494
1719214
6913
79692
1369307
130640
39646
98103
35028
25635
6748
1389383
82819
10985
659564864
3084
2049994
587675
57492
11275
937913
1296667
1227518
1200864
84414
17123
9840
12763
36219
14699
7058
50398
27643
1284091114760
54676
1411561
1395660
1323109
1830666
1543094
67837
1464650
1167375
82171
2293
148096
43928
43286
7242
6832
43125
1188193
652201037667
36588
23496
147884
41901
1634313
21684
1069630
18844
146750
50304
4604
217587
40403
94330
3186
586757
65236
42711
2301257816
550554
41039
95024
5578
20372
1620
72095
16214
35090
4687
25544
20645
146572
143709
86151
32915
29879
1033632
7206367222
27588
12851
8183
235422
119172
95517
13899
81681
3977
1716356
9601
5656
58240
74036
1752554
1123401
58650
20584
401371786
116474
20
70767
11067
31714
1327094
168147
71727
30319
229672
55861
72055
1039
571562
25872
30082
25147
1185769
96483467967
55907
3712
62692
42133
27530
84933
32799
31166
1625752
128621
121721
82885
27011
43775
2117434
144780
1602964
19138
9175142855
53256
19217
68495
32290
1452951
20501
234184
65020
30485
5732
4445
1216701
1175394
1245733
936384
56262
19546
1253355
9589918391
38225
90610
59081
18514
1500890
18270
1569934
145814
212
1355203
135347
109869
39195
1291041
8630
4201
68677
297502
38284139868
1139816
7853
13578
21165
4307
1108
12792
118546
57236
33487
10460
4513
2167
1594005
1442968
7302
2755
174093
1084397618
1503072
587438
6772
2164904
1888773
1687329
56552
593
70459
24343
17183
14731
83873
10134
4996
83437
4253
5538
121357384222
984055
30149
73525
1291350
47774
80019
33488
1936932
1808954
147056
59174
41089
2137159
71447
1721659
1601451
127783
81283
3365416808
6091
1330022
584542
39574
220142
147404
111698
42174
38765
29220
1157126
533325
63571
13861
13353
2038314
106728
9631
18285555249
146457
34597
21877
182272
10828
770
1675905
1213613
1148324
25130
1224565
1165518
127764
7765
19538
1253783
113797
12219
1040958712
96625
56207
15956
4512
156204
120833
100116
60698
12470
1706222
1269294
12079
1475097
2040
1811
2053219
101433
78685
47901155488
120932
70615
41565
129317
36173
14848
1183993
94791
70785
39389
18281
1822392
920
1440698
51414
29020
15674
8654
1436195931793
53177
20057
7621
2252
1387256
530618
34180
19456
1700333
1117971
62564
3904
1401306
34947
1508313
1337735
1324075
231476
1181302122237
105350
11684
992808
149308
111690
63364
8437
1164646
19154
1908411
41237
357
54781
11805
132712
9290
1537079
80595
190478501
52004
20658
887
1388593
58016
52394
289
969743
88123
1818
168765
95729
71007
55152
3713
82606
64470
62893
271361327697
131723
84247
25911
5961
2223
1219514
986808
6462
30211
27776
28638
41422
41223
29382
6164
73022
16327
78994
5247441742
16309
4014
32907
148161
77351
11496
6110
2130055
82406
43364
25306
3926
64805
19976
237256
96300
90720
49357
2159613905
1894162
27992
18235
74158
41125
21043
1882955
40978
1488361
171472
112288
1294320
8893
1464533
980125
54729
43774
17005
11572921080999
46920
110463
234741
163695
59675
1986576
42747
39358
112972
33064
1704
1948453
1448222
33183
1619830
1400939
224180
115033
8416365772
2648
1968427
74863
56910
54815
30083
20882
1666
6020
1223
59900
30830
1267329
1027146
934289
57207
1723252
25386
6095917121
9607
44998
1442059
213343
90133
76594
73016
15276
11616
273
64297
57905
19216
12891
584042
64733
54453
6166
14472241253360
81106
1070993
105646
1793
168554
60899
17380
11786
118802
1091795
19159
108696
1214364
119499
490022
40036
74302
1419822
266578841
10731
9181
66633
2220
1876638
1686362
1564501
1394423
215056
58791
175756
41561
1530733
38561
12423
1202611
29756
1167603
6063310001
19534
932
78804
41883
14329
67979
8520
1516033
7060
6859
3142
136532
4239
3971
65360
444211
64914
58356
5926346597
956
17834
59129
4431
21563
1797771
585668
262929
113785
3753
9788
2390781
1676769
5247
177129
56757
16544
14655
8326445566
90060
11870
11665
1011
145989
554120
12931
111830
67600
9029
1919251
55089
6861
65017
4765
1785826
1214835
42703
52113505
1538985
115440
18766
8857
159431
58737
56614
36913
159657
37821
59240
22122
99689
54014
8544
2842
17874
6577
224183812
28042
20030
13869
52601
45588
25401
22227
8332
7486
2022593
117164
54414
212934
1644164
992869
571418
89827
80997
236852647
42993
28846
13652
9575
2516
1622390
79757
5168
1900218
217055
20805
1147121
935720
6860
1299633
81179
1900309
102880
1546891218736
26756
1181353
230711
13314
1326056
136487
14564
9714
109434
7676
6573
19161
48958
22588
1895
80602
96591
53998
26404520
33355
90130
34985
11357
120244
15657
14371
31164
8631
39
44150
3796
27175
16181
1037108
932076
47562
26975
86882389741
1539663
1228278
1077869
1058633
560103
2093266
1619301
1260160
1199744
209083
78333
65424
54615
20710
15109
9208
29493
2038
27753164094
116315
27237
1237603
1031067
17265
27631
5
1715074
43372
54811
44151
59450
31549
121533
65344
1668004
58119
224181
61675888
1545647
1454976
102324
39741
10943
111581
90496
52995
224916
129050
82725
1959290
56578
19144
20803
7187
2412
30847
60661455786
42998
17442
9110
27563
149979
31363
21817
1290501
69405
1490176
1449596
568339
123120
115680
62019
544242
118357
43442
52481244834
1046903
54466
227780
135844
83285
42222
1592930
1398972
1091580
1064541
26467
230761
61829
27755
20904
41464
34902
6461
9133254633
123812
3383
3110
957076
233761
223901
93650
11279
2201315
52929
4818
1803286
19274
33350
240174
152711
6163
3663
6355041232
20480
1073425
15218
87741
34490
8843
1252061
1485380
53013
14451
11389
3270
41043
33296
131896
53280
6588
1332029
529351197119
46074
42141
38581
26513
9277
1907750
1879667
17844
2072075
20668
19576
15563
2349944
13474
6752
1704782
115007
110930
10160674377
66131
1320609
78147
13565
336
1290462
53820
7685
130534
52865
1256020
1215979
23964
11649
33949
21430
5729
3899
7696124815
111922
1232853
77517
57453
8975
1864052
27436
22384
21832
8874
478
1902916
543160
12308
4570
230660
117484
7796
1331112185773
13550
127488
62168
60253
35734
27319
15655
990300
103593
20338
82104
118372
33449
25251
21193
814434
235306
227317
36637116263
97024
37204
17016
1444349
236695
185438
124495
103160
1995179
127768
49961
140839
89903
50266
19189
10345
6818
2013140
118272558370
1728612
1515478
1247473
235916
10223
1795607
1039525
234235
206405
539
50877
18841
18352
95686
42710
14500
12500
967781
9527620623
20005
1098617
13333
4810
1152083
80352
14541
1216615
134423
87003
17345
10386
2411365
2237943
2237918
2178470
2157511
2132820
20779202055471
2038407
1993633
1993598
1969653
1920762
1898026
1883942
1872292
1828435
1825883
1820266
1752055
1749880
1736540
1696792
1644865
1593114
1578244
15763081575317
1566481
1565239
1565099
1564087
1554064
1465190
1431018
1399206
1389576
1389128
1366025
1344349
1278730
1261694
1255122
1229671
1211193
1175759
11728021171457
1170326
1160546
1158532
1136838
1123262
1115921
1042182
1021872
984598
966560
961922
930633
590740
563728
562651
550266
445708
239892
239717224144
223305
202578
196544
146464
144807
128771
122648
121800
100232
95733
95722
91678
88351
85034
83637
82562
67377
67091
6527862866
53247
52035
51539
50935
50314
40911
40814
39644
37135
36433
29396
24549
18794
18346
16826
16509
15137
11165
106529952
7634
7445
7120
4410
4274
3504
3145
2168
2001
1290
1148
1633001
112742
40185
13473
76126
1081875
60072
82101897
63234
61182
2076
1186840
84854
83635
31028
21029
1454610
16872
73926
1392937
58123
190185
126348
51762
1248340
13579
2269563141974
16897
1159
1196098
32029
94098
22007
17022
135409
65838
19299
14226
19181
8608
53109
16420
1014931
81133
74542
21124391969552
81098
3265
52478
8487
229614
37233
1221066
62595
38160
277081
36628
84576
17142
11147
1505363
1023515
84261
79025
176966692
2085448
155783
94765
45391
35516
1776
1424828
155007
139161
102142
88675
70095
29051
12974
829372
65640
59237
6497
295962414
247
1515230
1214638
122647
13506
10586
4776
2054196
65353
37627
199486
100867
99097
76792
16431
933271
169041
133212
1768215274
11184
1216163
232396
75330
18316
1282674
1108121
31439
9865
1284159
7276
1294
147290
1240487
13726
2267329
143732
14669
108751422994
1232689
1081477
169001
86748
16380
13420
1752096
19549
1614
108889
100602
74748
20629
1702762
1349163
1121786
88949
81200
5478235981
22821
20442
13549
1427948
998387
576474
43776
28768
765
929937
76555
53117
47615
41243
1270
1307408
84613
41639
51511244
211474
87118
48312
31384
27545
14643
12248
11153
11151
1021431
1398499
21319
6250
4741
110129
3064
2166315
8260
44671706376
144009
56934
883
70984
9907
1576301
79357
1756111
33485
13296
1423159
228866
226131
92858
85151
6884
2428
936
20967444301
35159
28778
4726
1483257
31837
1612556
1110069
19665
14831
122876
53515
10099
1000753
103833
64838
30195
1633865
1214870
144694116278
112982
20980
1156587
579281
240151
27113
9032
1123505
2294
1280578
150802
31365
6212
76416
66
2290835
59296
58508
4471926283
2518
515313
93664
42216
41694
35518
90451
5296
1062343
113120
2050456
196179
95875
22185
11315
5644
154644
34844
3235719278
783
210172
116573
53918
39127
20766
20047
11659
1114487
93801
81236
55710
51944
1985801
77831
30216
197545
190816
968669513378
21163
14566
14562
13253
1413434
521564
83674
14721
86957
9013
1995527
96657
62417
1378866
29427
1339
1653291
1377670
96311778329
1678451
70439
31268
2226329
2021489
103063
30249
24288
1827954
1102607
1048552
994248
64932
54126
87773
53923
1476994
21594
147564765345
6914
69054
42247
1914924
1686977
107622
2454
1255053
1077844
115290
12516
1691282
1450374
65471
39464
33937
25001
2036878
2416126069
227778
167411
51930
33450
1683343
1232555
62932
21744
4001
1515687
95259
88619
111640
75170
17187
101396
21028
11213
125197838582
607
1864242
101565
21711
15373
2127
453
46866
38809
16858
30723
18291
11164
2199
923
1423692
1371656
68215
5685728238
6613
55037
7571
94976
8291
1098661
109542
2054213
1883295
118544
109255
59117
58873
41217
2456043
59219
44155
8516
20006114470
93228
31896
14730
1277308
76242
42297
234641
80998
74577
36216
24299
139820
96064
4301
1752056
1450386
80135
677
1155087130253
44127
1197895
214556
2689
1112033
5372
1334638
234933
69637
52956
31320
1563442
90520
78879
42307
7059
544779
78798
4495960928
1293753
135944
15799
638
963547
97604
70696
19508
10023
5341
2087
97720
92728
86922
21202
3366
38941
15387
10696371215
206637
93944
2879
2138
2007
1043662
225694
131252
26066
9995
9186
3635
82093
34715
28639
22108
19131
1327092
3519831772
14502
1245759
104646
79966
15557
74242
26107
1855240
231909
27778
2139
589662
58647
87957
82388
30956
1497557
26088
1599391121643
921
10707
1284
1887533
1522345
1209080
593051
65727
54564
39659
35515
10594
584527
8676
1257387
34280
18736
1060653
94156984251
19265
1285954
550511
1119887
28410
17245
11076
1259633
1556546
1245104
114000
31155
14797
2131264
130769
42803
21689
18792
1102334
1122543
1004823
109410
26060
20364
690
33059
26457
1489837
1170010
114809
101438
28413
3202
72092
56323
44234
147710
1115412133
1350
143596
79331
57409
43231
18041
15832
1042681
1039523
6682
130
1446092
93848
49628
40644
21818
10510
6213
1367322588998
538166
86325
66193
56447
32427
90367
226833
145836
14407
1976283
1806237
1368579
38586
11074
54228
44049
31078
20369
1675914508
11291
102734
1645299
191228
43321
1547
29712
9289
3083
1758117
1465349
64897
59410
35810
164
1971604
240566
105727
222102539
19967
15992
9921
1822694
1034698
94432
23958
1299
87194
1037348
234548
101657
67612
53487
47646
8851
1570330
1255927
8647770035
52049
38280
31167
15364
176
591519
585191
32129
582221
1230897
63208
2489
223
971726
71228
1371298
20819
1277583
126257077271
8297
2692
994
1647636
57270
56654
1381553
60434
39657
3784
617
1167002
83476
59784
6578
2164942
2157872
2157805
21138882113005
2013493
2008840
1926550
1922018
1827619
1809250
1796798
1783747
1627281
1619125
1592653
1546676
1518279
1481555
1477273
1472757
1465505
1444597
14116791377234
1355419
1340385
1327613
1321319
1314741
1239016
1220115
1174794
1161730
1154466
1071677
1046233
1027298
946696
934801
543132
429728
239507
234640195916
147336
143036
137529
129568
118900
96250
93990
83359
77088
75066
73587
61763
61257
61219
56043
54597
52168
40980
3792436614
34259
33409
31887
26744
23734
19440
14838
14316
13006
10518
9583
9577
8040
3009
1563
984
84028
10989
123071344712
6280
4987
1258630
92612
62050
42
53441
20188
20176
19968
17079
10920
5834
1583
932353
81000
74949
54826
153092369
1217614
148139
70172
61607
59176
33053
30151
1013877
207558
1244197
206919
143447
84076
121575
1415965
985182
99511
95023
8878276188
56726
36055
21302
7907
3714
1275
1397812
82055
49815
21113
1170011
570205
225976
68122
30297
25382
2729
1462
93524174440
3398
2104564
1927496
1285916
16350
572648
139946
2555
132315
1056053
22461
11439
942036
70902
31115
2896
1333812
207606
5782930539
1009
820
94076
7031
91508
51684
47456
18875
6693
3218
1226789
120680
781
45446
35780
1223886
240155
192855
6535449903
2177190
69417
24048
18998
1514082
1169685
208294
81373
79082
62419
23459
235184
42191
20667
124828
27238
23648
20362
111901529426
74607
26510
1455722
58371
16752
26930
183073
111518
107864
20652
1031261
1010877
154491
113926
69130
38024
956764
109129
10655122890
1626464
227936
112378
86753
19910
10487
8724
1525047
464993
10938
5915
112692
97032
14902
11678
653
1164931
101024
6356662911
519
1653805
5590
2419
2131
1888972
1857464
1770862
1493331
1224128
591271
563832
235057
234040
226463
223325
94456
75655
5196541230
32646
5691
3805
3019
1107
1538879
1481978
81462
74276
55972
52934
17064
210454
56843
54044
46899
43547
271458
16902492024
1390948
52639
8318
1798797
1745956
55091
41297
9191
35548
9768
4070
3150
127712
65639
62318
58511
81481
70625
163071709316
1665975
1237474
1211946
84490
26716
1194119
91495
29508
7301
117958
53400
1044800
88072
17522
17258
15385
10983
46773
4123431844
118336
100653
55724
52422
10872
4457
2034418
208143
86132
993943
385
104632
11008
3359
1705
1789579
78987
19975
1621715232
15566
1884820
1824301
1761093
1726093
1565241
1512122
1258831
134497
105704
34590
18268
2165893
1999000
93564
30844
2146942
28660
2797865421
1556519
2317796
167862
43961
13520
155465
84299
80760
61263
33161
62644
1589321
62000
41088
27788
1231908
43120
21085
12041176093
47168
5897
5694
41249
7523
119421
80108
61659
1559323
53930
44796
6677
5375
4939
466505
4078
37979
11023
422797498
18357
4415
7664
1011904
5090
4639
3785
76038
71861
14700
1179344
63279
199298
70673
25409
15211
1335793
95263
14639144275
101377
70332
11505
11343
17477
52762
1335263
101251
60672
42558
84755
67849
33352
131642
1544079
119065
1524
1161
1067277192
2097501
1736257
237237
96313
16554
30882
11077
2776
233947
1864579
1489947
1168909
70556
1884900
62127
1696230
8263
11480
22734982132479
1254014
142288
83041
77188
67054
30495
9084
172428
60950
33040
1050248
1073985
123643
58428
585673
9706
20495
1951961
8604435956
32370
25256
232318
1288688
1017230
2021
1155724
83721
35690
8395
1330917
119219
43156
51873
12520
10682
971587
1165309
9310515903
1205382
184030
110366
83186
18646
1233094
68985
23679
1477963
63706
31137
93647
17402
1558832
52365
210050
155393
15013
1393772170804
105880
1524024
235609
51750
11511
724
1221114
156828
40174
4691
1852132
12645
3339
150
1039678
21063
1946
9629
787938706
21742
5129
4778
125739
55585
52589
49706
16358
13602
1283954
822
127733
37422
2449
1362313
11092
1233560
84495
7654471198
119143
1335916
84625
23390
10689
2243679
1479143
2177
69574
47404
17087
1315943
130644
58197
14416
975
84440
52705
13636105648
103994
11889
1913
2080351
148602
588758
237168
11764
543204
25173
57663
58769
18865
204037
30044
10981
1168097
239
124531325949
63608
333
1572354
47730
8294
131871
128748
33394
19363
6067
92255
568728
87932
17302
10680
5050
205797
5788
159196083860
77330
110076
9625
87819
378
2025254
60074
33260
543745
109058
83313
67704
63296
6970
1468940
14414
1251993
87472
111599560
942471
269947
78320
52775
1302544
426216
49914
14974
57854
49824
9780
35550
20982
1388479
1318201
56124
109438
94797
90669012
8828
1210
21688
1281250
1024143
12726
1311803
224167
58530
56871
1229502
1568077
1390882
119447
31071
1255538
453588
101249
50651294149
15661
1255487
7882
81295
25146
21474
47520
1842785
94978
58068
35013
69990
1178489
131820
87013
81244
39187
2140
576041589098
559567
23975
1940747
1482505
141034
80625
70417
16743
7673
1600083
85756
34900
11824
664
12110
684
1216509
11514
3251724
1641653
82626
12329
83862
57851
57686
35472
5887
1551515
1238414
147100
54718
7629
222130
185459
1893335
1771746
1733268
152362167320
55706
41820
22467
19109
3243
68528
27993
19901
1433475
1115984
278923
70690
1937567
6449
97906
46362
37251
13340
2121726993774
11794
1487969
1223438
132245
47985
1165
2084818
138701
118489
10670
1950877
24535
14794
3232
210904
98001
42706
7190
57294101611
55689
92198
87875
37939
6777
1283871
8844
152707
3072
1586047
230659
63791
2074587
1026883
84205
65240
3381
1537527
9354343458
131955
57358
42604
37360
13710
2082341
191937
12833
6715
1611224
1560990
1279687
1276317
1235292
1003086
68704
41236
27564
780110800
1487442
103286
96828
79343
15829
15011
27
2003088
1217003
1077775
932967
58710
1356645
223930
36190
1390968
2436
1677008
1450286992803
137567
116264
65528
309
59538
1092
137952
1641
1472117
1454940
1338074
1255887
583333
146329
64815
10965
6854
55061
13542094055
89885
74442
61011
57575
12676
1170659
65765
50880
1783718
1633312
145408
136530
2360620
144270
84754
38593
35236
1146850
992366102429
68472
54325
36218
1905
2001929
78882
45699
2310022
1600494
1353825
1199187
234505
118208
100372
7639
1479
1029147
238108
293707881
3300
1277364
124644
93803
89395
1282054
168309
62863
1454946
1272291
210824
143307
63128
15760
5464
118362
69040
1963251
10192258168
47632
4941
239271
80257
57424
28110
26755
4286
76453
20625
12371
1909343
1457204
235417
235416
144250
47886
34027
137293556
235131
134129
1962071
1448126
1421422
550863
128719
26856
14324
12422
2829
1256160
1093379
22063
14821
10823
1822751
1471850
1364775565430
57334
43311
52415
1321982
169725
17546
74619
54679
86310
82096
14884
12282
82732
65548
1834911
1493433
147023
78921
382445844
1323810
1217599
1592949
1475127
1240082
207496
131781
5889
1959513
87444
6696
4774
46230
19547
16293
16165
1419125
1197005
1164351989325
124426
89581
81987
61364
21177
17648
101
157936
79072
11179
1410514
1086527
71450
40900
38690
35476
14834
1803287
15227611421263
143714
99311
91402
24695
8252
1560393
589340
136761
37252
21282
18325
15293
11680
9828
206425
17271
1445849
51580
829566074
956385
45947
12672
10747
3362
1814297
1253008
79795
1159675
18307
93491
8452
8237
1943521
952702
530025
105747
52947
2118120141
14529
12836
8659
1652371
95939
80253
1072
572282
57278
48711
43526
15283
1223793
81019
12210
221809
72985
4766
17790271225953
42335
40391
30537
1142724
28847
1902797
59942
24501
185
1484103
1413167
1073487
1369367
27737
974
10593
587506
114674
156523762036
58832
34489
12536
500427
1972120
93999
36970
136290
87416
31839
18666
16846
1456730
236302
6804
76536
13635
1029653
10679148071
1547454
231241
97698
44172
2256
140335
107791
93377
1622669
47506
30279
15853
12410
5563
2463
1631995
1093514
229736
201288774
2111
1773278
1140129
204392
70337
64342
28950
1464501
5695
1042729
964971
130565
1452045
55958
34651
74193
1191689
154988
5444738541
11086
8436
4666
118937
110922
10767
98
7675
1335309
2144
1529446
568304
142294
105831
57132
82702
56367
20277
1220767141823
13577
1580
2008873
1272059
9813
1419825
123879
98398
27632
2137
232525
99854
19850
593163
562730
208360
122994
98971
6300321246
44646
526
47720
14990
1770528
1024641
120895
85152
1345495
1251581
39058
33644
24366
62649
34981
32225
1265629
65409
79112123198
42687
1597591
1488961
1213786
141495
137467
59819
12207
3893
112987
125024
34979
2249
1401531
1252045
1115296
227071
65728
61110206398
116088
9138
62095
46364
34574
238096
20768
212985
212772
202845
120725
54041
136495
139310
41246
17094
1853565
1657729
14750931190450
159614
115730
42627
30901
4065
559643
227782
1212803
76244
35864
18065
3460
1150
1219029
1187068
586322
544096
507837
40199774
37698
24612
543505
112404
87316
83872
49271
53010
5025
1619436
104635
95047
28641
19275
14325
13784
1688664
1535059
997887132739
128236
87224
44261
8502
938258
74073
43432
41274
68478
47757
38624
9276
1781857
78303
63820
59221
21521
1894622
151652484493
59373
55433
19974
2045288
1482876
9140
584
238130
127762
76821
14121
5682
1225996
74709
11152
1378374
150903
77462
6111434517
5833
1937726
1875562
1473995
1093919
86006
58393
15498
11187
7868
1629175
145429
20275
10782
455
1402038
1371108
1017194
8669441663
34973
139549
53926
13995
1836
2127883
2056458
1922369
1881172
1833036
1663101
1599859
1599173
1576419
1450392
1427095
1359291
1353976
13405161292730
1275328
1251932
1246890
1233729
1222737
1155473
1121807
1117938
1068468
1062757
1049357
1048357
1004890
985083
966683
962303
947296
929459
566705548053
277693
233933
220922
203809
146356
143464
141700
139375
138144
97367
88939
85778
83985
76464
60142
54711
49095
46917
4479243019
41743
21362
19875
15207
14859
11483
6674
4421
403
117995
15138
6431
150641
63306
18588
16126
1908005
572541
5996259245
107542
36217
19455
1927
59261
16845
182287
26470
20492
2179606
2105447
1565231
1215797
1205299
61153
58792
14276
104243
4745730129
29623
211800
85148
80255
57082
47834
30861
120831
40206
2502877
1813260
1707143
1351402
1254672
930309
47080
130081
69120
8626753119
24976
15864
9275
1666059
94110
56211
49269
37940
1212960
102699
93536
25136
50667
660
1474965
146799
60286
29862
215202922
1637079
1171667
23627
15189
12991
1186100
592209
10162
1772827
1246895
143017
34745
32031
16584
15453
125055
19769
66223
5271897605
94929
13953
1030356
102714
68759
51751
27761
10316
8892
5403
4179
1215525
78589
34546
14326
972079
24937
3336
12260287287
81197
71675
66150
44221
12688
9920
3157
1297500
1194930
1049742
137424
73249
27448
7502
3125
1271591
95038
83145
1414984115888
4347
1505821
1178173
1058702
165425
150125
80654
60091
56856
45863
34748
10356
6930
6121
1922389
1564846
979412
13567
9401279644
2036467
101779
81390
19146
18803
7469
1758078
1522695
1483976
1072882
108914
80597
17029
1192647
62870
1006733
955809
568555
14605797708
62562
25877
1937
383
1349948
1347525
23944
12313
1683266
1473425
1255312
1165444
144655
137461
110001
70961
59882
37175
2123618177
7497
4252
1114559
99183
26959
1216355
142956
55093
21134
1299317
207062
105900
54024
35467
4251
96889
30002
28848
3531933223
30124
10982
7471
328
1337279
47821
42249
39801
2260
1707
203263
104139
1912295
1705612
1286095
1243270
1167910
1153128
10908161003459
929987
223687
120866
107446
88462
87243
85176
64857
24610
12022
1935
2363893
2327362
2205098
2075549
2044634
2021529
1813770
17998681720891
1607712
1568589
1519481
1467384
1409237
1387195
1367572
1354438
1346894
1270223
1256300
1222950
1219601
1218185
1197569
933330
931225
631719
554612552215
237737
136170
102561
96311
80570
77651
70165
69921
65858
65505
38451
35175
18254
17781
17640
16702
15312
15234
119308222
1826430
1810613
1349554
1292753
95563
9872
1347175
105733
52330
1969994
478543
115974
90760
21132
11916
2598
6
1922807
10040890596
23524
215843
79740
7393
2094
10401
6587
1218330
629492
175628
13524
1261545
143425
19655
14465
1074716
38459
15893
107488689
4031
117260
106765
79885
74615
29922
27422
983710
91493
87579
79247
54789
8287
71392
55257
1055230
67685
53368
5056718814
2385147
476163
11694
69678
590943
47722
21965
12776
10073
6969
6564
1520755
1428295
560070
44257
37763
20007
2022597
11346195711
68681
63934
63902
19588
19242
8855
1260505
87066
19866
728
1110447
557753
121953
98420
58317
57389
52141
17341
17006180408
110909
97600
12800
1696016
939395
235767
229360
188534
92429
75341
65284
15626
94958
78530
27916
741
1386495
180924
10121218281
931850
148669
58955
45041
34264
1213299
129193
16666
14518
6767
1516211
106625
77624
70674
35597
11827
987348
28395
7421526636
583040
226093
128693
115308
99536
47458
15298
11859
2058
1198873
77076
36221
4094
2670
1156913
95102
54678
6200
13972461211966
936970
116367
35598
35434
14101
1512021
551020
5419
3149
1969650
1948459
1584347
1449525
1383389
55547
54634
20008
17414
96121010135
225692
83854
33399
24385
12438
7402
4458
4091
127874
100945
55466
4071
1883819
938983
105649
77225
57428
56024
1241498104412
55538
42824
496731
1523579
126932
39188
235705
181341
86624
47742
46711
27725
18286
8349
2426364
1300650
1214783
1152019
109048262020
55314
4568
3062
113224
62752
36170
22248
2034304
1564175
1320598
1173214
1089693
559725
115647
105186
100601
95136
528
95056497774
58758
44846
8434
2549
1665347
118590
117298
47468
8023
7074
2119532
1209579
109109
30226
28743
59075
108
1180346
937065591624
168610
63864
57744
58478
52119
17283
8635
6199
1344361
173784
106179
55584
42224
35689
22014
1075765
132355
58191
5288834691
21505
13268
10475
2669
2154
151363
120724
119460
84665
83122
27391
8012
1233726
1167321
1121961
1005852
131885
68833
24618226631
70862
69593
40431
57748
4790
3999
1964263
1846846
227440
80675
68795
1374816
1040679
126778
74298
71507
202
1630178
23492363663
25787
1562
1810412
1322953
84164
65730
11627
928148
564920
558928
9221
1112818
1010189
38562
21291
963134
210126
33656
147071498158
1385644
1239110
170635
146898
141875
124757
109046
105126
58430
57738
23881
12899
12647
2629
2175313
47536
31169
18284
85656471
22735
1115687
66147
56159
11769
1137823
83220
53516
30270
8198
6939
1290466
118022
18647
4353
1706
91724
74022
5705431402
30960
1233146
106769
101947
71403
55493
27772
10966
1480027
1195489
585784
119589
54247
19653
1622652
441567
29710
1471280
3071019224
1286744
1251113
1165384
129723
82513
60060
44050
32478
28971
1582
77293
13354
2280352
1036563
67978
50767
40942
1881175
8805926294
21687
959162
18943
18873
70119
62385
34046
17306
1249
1547713
35863
21403
1534745
274812
138209
121508
89551
82183
6343643431
13275
1864441
1716586
1309253
1245758
1192906
1091050
226438
111284
5047
3152
1123466
576084
131520
4003
3391
1423519
127907
12176559899
13516
1690008
1398992
51037
46929
12936
8768
3483
2106010
1171570
91035
84213
70312
45467
12951
2426201
1520397
1245729
55807589756
88978
77234
30765
8521
1474123
1280881
15533
9915
2255378
1727913
1719941
1701372
1442436
1358530
1344344
1311950
1263930
1254169
11239161087171
583479
225603
219506
200989
117739
96283
96177
82396
62048
57630
47155
7531
6174
6036
3163
1787399
85251
27773
169371415133
70255
1348957
209196
89247
78494
15338
11134
1548126
1368268
65529
18197
1208
27579
1376106
1215975
1011137
214972
172790
8222654499
13620
270182
236357
91494
429
119812
96309
78253
19187
10781
1858358
1475529
930707
171522
119171
1371236
1008607
236021
223230146358
4413
2214888
232006
142391
127612
116774
85563
52087
25089
22553
19868
11452
5445
1846019
116128
2547
21510
1533708
22940060953
57119
25878
16605
3543
1906162
1723617
1494146
1239240
1218184
51767
51189
32683
17290
1685831
2074082
1727860
1651530
1639680
16125071381346
1377977
1331950
1325353
1310757
1304335
1280002
1257780
1246604
1240870
1232538
1139349
1044581
999622
563809
545794
303197
237040
235169
230464227524
213214
204507
195254
125736
115688
112785
107669
103648
94018
92416
91519
89705
81839
76917
72232
58787
52600
44103
4270432542
21532
20416
15898
15389
8158
7823
5041
3548
3411
2077
1066
102744
90576
57743
2541
69033
104522
83634
1684711266
8925
8535
1741523
987572
572086
151808
118617
50300
46867
20508
20405
14674
1092992
932616
94702
50217
33698
8979
7392295864
1250465
150530
84620
52646
21722
2523
2194273
2155719
1920715
1912481
1529991
1367249
1257899
1218828
1141632
1134505
1125108
1099717
10644941045526
592313
553202
224197
223970
208679
133429
130875
112403
95476
90223
89563
88902
84878
84425
81917
78691
78517
73462
3243127969
21549
19613
12235
9658
3310
1254603
18975
14744
63438
26042
47533
8854
2097313
2035239
1556356
1469390
1407446
1334022
13186701052255
974169
969561
226370
144261
66257
5741
3786
2243888
95021
1203378
52603
229836
74947
27102
11783
1289776
239793
87341
780628617
63231
18218
13923
1164348
129868
21198
591
1970754
1291220
588030
239499
113587
110581
68527
44404
13326
9979
570784
77114130041
78139
61545
38085
10885
1542
1926630
1065777
119232
1575443
219563
2091
122501
120306
9622
59154
1177942
1077252
64295
6135424840
1781402
1545983
1267375
964159
273927
107032
88495
13475
1606394
9207
231029
110427
15663
10726
1816288
9908
166956
65762
238697207442
86314
16861
71033
60252
2152329
1077537
77299
54834
134488
1907002
1340664
228722
21170
81684
63540
59841
14415
3388
18266821866
105838
97880
1897274
550743
121868
68634
55541
54455
33042
1972125
1373663
66762
236344
16418
15968
1196493
113927
87079
8143751864
42362
31138
29661
7268
1641668
1338518
19152
8591
7087
111128
31636
327
1757606
1325962
237725
70706
9045
1155746
6948350668
15094
1411601
165934
64056
30295
17285
11392
10360
5577
670
156962
11278
1405376
1320424
1072774
83259
41782
40258
2800413852
46919
29539
18972
10491
5837
7683
2157032
1939676
1623331
169244
146454
43464
7420
2352
159275
107535
106253
1428081
7678861134
44765
16783
13637
10931
8986
1130555
9076
58039
56539
19393
15286
210877
148822
102209
20664
5411
5342
99522
1498714792
7210
1821
69066
36501
18802
6840
138716
99535
51969
51663
44777
16417
10
1885215
1579476
32128
936716
542870
13572657461
33492
10671
4069
1608621
27995
1487428
1023484
146683
113308
4600
154199
18298
3342
2042
203285
125684
66606
37934
3666516074
9153
649
26086
77803
10254
1656580
229694
42722
26857
20070
13786
1996905
180921
25879
21503
6283
1565233
228371
17988220377
13939
5384
1105441
10257
5696
9210
2250279
1156024
587207
238321
21155
1352
205179
5589
143240
4963
1350918
12989
44331257118
25129
1554460
1232769
132078
66580
19239
9168
4819
15376
1521411
20220
10743
5792
5365
1210634
195525
34720
1257054
31468305092
225301
140567
87017
70286
30501
9033
7063
4974
1281190
77921
23821
19594
1695682
1035398
984724
89043
24657
12062
97111166095
20190
12266
3288
225008
1881105
131680
45749
147424
65705
52808
38406
1125
685
186341
100796
55472
1552915
1212537
8053625711
21151
12296
184581
10963
8606
8254
7665
5999
123801
103789
85858
2193745
2139466
1967321
1723918
1222945
223638
206483
11224036602
24813
117451
85759
41746
4602
2955
1453297
119224
95099
78869
1807132
65195
1803694
8400
2677
1727683
1244177
53646
181856614
31005
13327
6844
4514
1724690
17199
12793
12083
993854
929102
549387
111513
34407
10468
6197
1192492
482044
18066
71305699
2637
2236
1933
20418
16620
12978
1747919
163198
106656
66791
1395056
214701
52908
34395
24647
19271
1172147
912632
56522290318
2089573
1625558
166930
42961
33285
74337
54691
52849
41289
38583
98306
34595
1394375
118034
1087451
50117
19540
681
122313443426
5937
1562575
1225804
1091868
208519
74940
20379
18688
3851
1381537
1371398
18392
17441
95345
65164
51936
12024
1334266
701311241708
485005
70551
63584
21944
6181
589736
228173
225377
111946
57057
54217
1760
1416868
73827
46924
17417
230671
82306
305547331
1581103
1369336
1276383
1251240
1016071
141463
132993
14732
14312
4793
4175
2153279
1766749
1633357
465273
126936
107980
26350
123414112
1392144
8894
1909
1327490
443865
82405
78341
48965
22556
20814
19545
13848
10582
6386
127609
105176
100779
60851
4982744615
31362
15852
1753
931264
56923
1965939
1762647
1759274
1672872
1498675
1492992
1331163
1040862
1036371
973651
587921
570201
150638
143031131724
119808
113613
99839
87120
70445
65426
62935
59230
56282
49702
42738
41309
35093
22541
17353
9990
8041
6355
140687251998
15139
3974
1608606
1376875
531211
53841
29803
25653
1035
2140103
1752757
167718
155267
60971
1117988
226423
155530
94089
48995930417
21624
1583307
207401
78057
2109360
61
1575059
586664
121135
29685
1218928
122193
1578220
1133063
184816
30275
14520
142213
7947351764
113970
59313
1683875
137427
19208
17413
209
1538851
1140240
1413092
1333330
127471
121323
43299
14062
32600
1517139
1265802
13078237722
8397
6195
2683
2101
1690239
64810
44567
16384
15034
2415
1090532
16850
40060
38964
30555
27765
17741
1340346
5566241965
576408
26659
15200
1265852
57359
20144
14132
26128
22188
18924
1088011
101286
18067
2245
1023483
233298
119145
1605735
15370481185386
8947
2156898
1214430
1070188
111678
62420
16550
99206
6932
1259406
29395
21290
10158
2081823
1864983
1854120
1679551
1608537
1195491168877
110279
73931
71954
69225
42157
17238
2464
1368012
113732
107198
73454
1293994
1218648
212208
93224
54645
15539
8924
19921601823072
1493528
1165459
183758
147333
74686
11867
1032549
83806
56595
44957
17825
16377
241
49958
1254976
52779
27552
17608
138198158953
32597
21909
18977
15854
6561
1900828
76239
42206
526727
114021
67913
63474
33134
17181
1174378
158001
49326
3442
21281499555
1497729
87280
56455
1774681
142504
10029
562197
220232
101225
89989
74409
24659
8443
998225
39516
1176386
116606
17257
24061562162
1142720
84751
46393
20771
17120
7139
1645047
142193
128026
32385
219666
62711
56103
21736
1223787
17421
16215
1165102
8327169740
27104
14298
5795
1413421
57251
1566805
21458
21318
1105808
54722
14886
2022326
69616
61677
56830
16901
1933697
1254548
5566340202
16756
112276
1140583
71158
48415
18993
2020670
1339108
558604
64930
44917
30003
22297
5354
591835
559566
53195
1380797
86584299
1590402
155669
136347
81054
51572
40684
12798
9919
1390880
76543
933
1686299
146796
43975
12677
58448
1244677
562177
7273041798
25655
1971031
1466772
1449514
239574
237991
227023
57421
33196
5815
1886195
113529
71871
45747
11109
1076796
154826
90046
84995250
3033
2126337
1213123
1012270
17772
2034
237691
31031
10367
84815
46621
9880
1205097
1017193
115876
79633
54644
32288
1785912077
6071
1796
1325961
1284514
65971
59214
28779
17867
12151
5367
80579
38707
1936
58681
58539
5759
2945
109708
6118611494
1212139
1015836
570296
92509
9596
3126
1504183
9283
950877
131285
1660452
1033844
236075
111466
80137
59401
11448
2008807
15842421465521
581070
119415
116739
83244
80292
67224
66914
58000
40948
36189
14029
6285
1670
1166
122454
119807
83987
53176
55754782
2536
35849
25933
15196
5528
4965
1021684
59789
777
1287731
1255936
592709
227562
147119
74124
57399
12521
540
1360654147255
114894
102012
60118
32791
30185
12283
5204
117437
83218
80415
76557
62066
1972974
220916
76021
63611
53328
33923
333486541
1749
1994334
1992116
1980440
1830623
1806236
1794469
1789952
1743475
1676218
1625827
1618177
1540680
1487573
1452828
1419317
1360585
1318587
13176801289070
1257205
1252824
1185542
1182295
1176891
1134642
1062265
1050294
1036196
1004806
969140
957523
595426
570277
462483
382502
235788
224925
150099148449
145092
125152
121676
107113
96509
82676
76098
62909
58662
57073
54472
40954
39577
36801
35021
11893
10057
6640
29871301
2091760
1124536
220990
47627
105830
87108
83689
41216
6778
5029
1697276
205976
113758
9260
1081
583066
177231
127449
4464936631
1353087
38674
1715541
544921
95635
36603
7401
52961
27492
17242
1839131
1739831
1729496
1422517
1193308
83356
13594
2171
1453351168241
67601
56435
54868
52886
47647
11090
112831
86949
65642
59521
54859
37059
2374742
1760572
1675026
1550602
1297130
199978
12595083600
81418
64674
62539
20425
6463
1614501
87167
83488
39117
1682444
1631417
225039
12786
5131
2771
1046665
169061
87440
1220611902
7037
6857
1244175
228079
83975
58926
17122
7884
58593
57669
42820
9073
2265
8629
691
2362044
1948857
137132
9769380969
36490
14123
1328204
452205
65920
57208
30112
15319
2885
2320
1149341
22214
17350
6238
225999
116436
59811
58866
49880116326
55983
51670
18345
5045
1416438
1382846
84206
75035
19384
81203
58831
11366
1522758
567269
150082
126471
99461
84870
8341476139
54153
19153
8858
8246
58804
15900
1678709
78050
63372
3463
1059598
51984
20752
16145
15950
13724
10662
152807
10091798102
98087
77120
69831
16936
769
201757
130975
92086
74365
18240
120931
82129
1376683
111512
59181
1332
113809
1809206
1309932127164
126776
99347
8643
1794468
1371456
1364528
1222298
1181354
209198
150245
62879
16103
15020
366
2098568
2034922
1968434
1218171
20326851359
1798832
1251516
1080480
203086
19222
1108859
583051
544440
109151
89609
82529
60561
29719
1283124
90074
79087
1953
2223752
1053460948427
13297
1256159
1163789
52300
5460
1117922
1024175
111692
34185
30512
93426
67752
49002
18260
15213
10279
1105573
60460
5883732765
24895
14852
1279279
508357
216227
47808
10555
2135275
2029627
1993271
1718567
1713374
1699145
1356718
1345508
1334711
1306497
1282320
12569971161660
1022760
1014468
595213
585956
558447
490454
469968
107490
97406
86706
85069
73336
62833
57573
37190
28722
19750
15749
91467569
5457
1113
1186505
1172316
965023
116549
98078
55411
27517
19578
1306331
1306314
1164259
31903
10483
1525940
1134734
278180
165787121356
26071
14501
13821
4121
1267285
1032886
202032
142108
100124
85144
63358
23446
13301
12962
522
37626
11449
1965293
17183069467
59449
21366
1887324
118370
104853
97943
82838
45051
10160
57250
42171
1260038
558466
55779
6721
1360010
1312191
592319
6881259753
57538
53422
51301
31007
1642
1250808
228968
169173
96257
71898
66259
55583
27860
21792
2355
1146416
574378
103616
8550563676
59956
52023
43954
32192
19408
30585
129101
99358
18273
9257
1969633
1397141
1197228
1076363
80112
55299
40938
20833
18669678
14737
1002673
86653
85008
81668
80994
59750
1288641
113919
87733
38560
10075
6951
43773
1377675
169141
111090
38720
303661427096
1361975
1057485
131835
14151
101061
85178
74086
65797
4969
3272
1457967
1405006
29459
13568
1462371
102383
590
2167901
106349458497
27686
21562
19335
7710
7632
2365587
1254327
3237
239010
67884
44098
33190
21343
12631
15029
21676
12044
968660
689032649927
2140110
2073250
1996906
1927073
1924835
1909076
1907698
1901421
1890247
1880943
1877065
1876703
1871257
1860831
1844055
1836503
1816424
1814638
18106511781364
1769713
1713728
1707261
1672280
1604656
1582632
1569491
1569421
1540601
1538684
1521888
1519526
1504153
1494304
1484899
1452675
1450727
1437573
14241601411522
1403789
1394298
1372414
1358803
1353694
1349102
1335308
1327728
1325945
1324234
1323318
1309944
1304621
1299160
1297561
1294982
1293943
1253931
12462761224089
1223354
1219365
1218835
1218115
1199165
1194969
1192866
1192389
1188743
1187038
1172033
1167956
1167280
1147057
1145778
1144426
1118791
1093732
10838651059040
1040018
1008235
1004400
975186
974031
940990
937009
936404
929511
591998
588158
584415
571346
557732
553505
545490
477407
454568
368784236639
230777
230621
227085
226709
224185
206202
175285
172861
167825
164221
163774
161909
157010
154528
152354
145882
145389
143462
141525141492
140878
139460
132213
131405
129077
129059
125565
124623
122583
120791
119870
118407
115208
113674
112219
111910
109745
108532
106613106486
105089
104199
101778
101442
100993
100619
97165
91358
89535
89144
89001
86434
85521
83023
80457
79320
79189
76791
7006669104
67838
65227
65197
62477
58321
58190
58093
57581
56448
55557
55188
55097
50583
50216
49944
48613
48370
47858
4642242238
36802
36693
36320
36206
33835
33702
32300
31906
30286
30238
30234
28137
27929
26300
25165
24714
24164
21710
2117120745
20660
19884
18516
17775
15666
14847
14463
13342
12642
11877
10462
9602
8207
8159
7912
7894
7691
6554
64985968
5666
5314
5304
4263
3155
2481
2253
2141
248
212604
83453
40632
3981
151
2341909
35257
1224027
1114612
54861690364
20928
1304595
1209782
78160
31925
15811
1014784
20761
11770
7427
1612186
1234992
82751
33004
28864
861
952327
80365
765481255833
162532
162246
18793
4786
1412530
26854
1363083
586291
74369
30527
20330
34065
33689
1983
1886168
1256349
19996
1479071
12551971212270
1052114
930621
81843
79246
47670
24810
10539
583562
111683
50708
1520844
1209116
53283
12134
470
1248221
115303
94293
8402157862
53257
39950
37221
19183
124401
9139
95293
88873
1374831
1202443
230703
152666
1024711
129872
564940
175331
169920
78681
127901254630
1112233
227520
56411
24965
16789
14782
2744
2013144
136151
119211
119154
103047
93567
92729
83898
78041
58412
54807
3316529791
21544
16373
1755038
1217196
28868
20258
7672
1660946
1224131
1198246
1093252
229396
74930
34793
22948
16857
8462
3787
18677261308373
968350
937317
584250
43092
21217
2646
1962619
1017294
132429
80469
1201072
562918
58982
47785
39977
24293
1702027
1673017
15433259257
10606
1428395
1389339
1358048
1234280
113563
113090
55674
51456
49214
20162
16021
205499
59405
2122962
550522
96534
59090
5686335963
10929
1401598
60741
34625
28248
20301
18189
9296
2753
127725
32887
17770
3095
125411
1805830
1256167
147590
111875
928131680
2256342
1868250
1682418
1631181
1173497
1130611
1014310
932291
616377
545129
188875
187016
171733
69081
50967
44217
36224
20412
67191712147
139076
86998
78899
1530921
1332680
224664
81182
4160
280
1522605
1340978
1167727
785
1993264
1783292
1687741
1309267
576399
23704341340
32905
10167
1107231
147893
81168
62816
37008
14671
12327
7219
2081
994073
233411
78805
64433
35642
31712
452
1367309207491
59650
4973
3228
206737
81957
60158
28066
1464946
103285
41517
189026
123813
39186
32224
30616
9842
1650340
224929
8547077209
47297
11127
10722
5605
124304
2110964
1232621
484359
117885
25166
11993
9996
9874
2146944
1787650
1240646
117669
77075
5551635549
53688
51754
47368
26728
17305
1020013
544107
162924
42718
5474
4992
1347948
65445
29838
14596
1215689
612216
456066
10191375356
59118
33025
27770
18920
7397
5847
1861573
1145429
560354
116995
51377
46617
37442
27121
20818
1944
1499093
90111
8729583141
53924
30664
1841129
1525614
1525042
1493548
1306608
1241445
1223158
1080969
932116
181871
110116
28745
17292
1910
945
912
13347181086222
55075
19328
8727
220573
95014
1376624
1156127
18704
2131402
1585196
1377740
1001775
273286
225036
223880
147176
122468
116802
114604109944
106935
103520
94433
77013
60093
55437
52801
52329
51682
50570
36619
36441
21525
10676
4496
305
177114
87895
7503854500
21041
19404
17263
1728815
1376846
1236411
150810
78572
15100
1235733
1034302
550662
149589
83209
64880
52760
36765
15543
1036288164131
76877
10169
8778
1358460
266665
109301
103441
93419
25078
8725
589650
175660
166897
1874990
1679682
1533987
1185721
1041643
212291210695
125730
84709
64344
41118
8775
8609
160369
86543
26863
21662
1661269
983929
81916
6649
2280
1525928
1217934
105962
9716773288
70476
52043
12714
1654
12
168925
156869
113794
65115
50707
40219
114448
76414
59031
53761
588057
78533
68763
6869952806
68
2080790
1927025
1726092
1211997
208630
95789
73925
28976
3798
572504
109667
82400
56977
54708
6086
3282
1647136
14369421052312
100634
20332
1486208
550888
91725
29832
16607
10400
1539662
139075
86384
83352
76181
26100
5789
188619
116579
112740
9910666194
59755
35546
17352
1742876
87742
56978
17753
14702
7131
6354
2119719
1467297
23185
2054220
219795
40168
27433
15413
97152772
11
2262810
2047345
1978770
1971755
1937533
1902489
1763446
1755036
1738235
1714876
1632658
1621340
1613836
1576443
1479774
1442573
1433478
14203491285537
1251644
1242684
1186653
1152416
1115746
1095823
1062449
1059170
1042471
1015631
946971
929664
589054
573817
544477
509344
237756
236275
231547230909
224114
124312
120257
117349
113585
107561
105623
96614
94893
94764
93919
89689
78849
69148
66804
58950
57372
30278
2866227037
21175
7320
3641
3115
663
225
2223357
2081736
1701993
207250
35521
27109
25626
1276759
1211535
87905
73551
62842
206441711828
95598
1988801
1340889
76667
29915
19855
97755
42705
35263
19406
18916
2394
1591212
1412798
1402921
1276842
558974
217371
125147118200
109560
25180
1298360
1260481
1202836
582130
569166
83423
128
111511
50571
41264
19148
2096
1627621
1419127
587623
111920
7879964895
39171
25239
15736
157
1352028
1199226
171440
85154
69636
7570
1600881
174563
83810
36767
16305
12217
9091
5255
1979674